0.000000000000000000e+00 3.804118480104855260e-02 4.835875939428714854e-01
1.000000000000000000e+01 3.963446939268915753e-02 4.820625836130149611e-01
2.000000000000000000e+01 4.427099469856301400e-02 4.774261209640006109e-01
3.000000000000000000e+01 5.158301525595278963e-02 4.701141442057172881e-01
4.000000000000000000e+01 6.101707461793550585e-02 4.606801697580757970e-01
5.000000000000000000e+01 7.189982956076451659e-02 4.497975666903266112e-01
6.000000000000000000e+01 8.351709663401137018e-02 4.381805240890065956e-01
7.000000000000000000e+01 9.518981973874404701e-02 4.265080443360189100e-01
8.000000000000000000e+01 1.063358933668082928e-01 4.153620276160269742e-01
9.000000000000000000e+01 1.165126524512018896e-01 4.051852555478192563e-01
1.000000000000000000e+02 1.254346639959120768e-01 3.962632378472650818e-01
1.100000000000000000e+02 1.329710539077585962e-01 3.887268391637379028e-01
1.200000000000000000e+02 1.391267276013695986e-01 3.825711281696562716e-01
1.300000000000000000e+02 1.440132700226723628e-01 3.776845190452070011e-01
1.400000000000000000e+02 1.478153885532036416e-01 3.738824143226762708e-01
1.500000000000000000e+02 1.507582691158639021e-01 3.709395714775629016e-01
1.600000000000000000e+02 1.530791576385903130e-01 3.686187649635820907e-01
1.700000000000000000e+02 1.550049198766382530e-01 3.666930189377783922e-01
1.800000000000000000e+02 1.567365509364055665e-01 3.649613937684812459e-01
1.900000000000000000e+02 1.584402747768686170e-01 3.632577291443307432e-01
2.000000000000000000e+02 1.602436743215214510e-01 3.614544662028651434e-01
2.100000000000000000e+02 1.622372232061272956e-01 3.594610808645992694e-01
2.200000000000000000e+02 1.644777005716582252e-01 3.572206628103046233e-01
2.300000000000000000e+02 1.669938094504646309e-01 3.547046207428826148e-01
2.400000000000000000e+02 1.697925164529952569e-01 3.519059346414946110e-01
2.500000000000000000e+02 1.728652283803886747e-01 3.488330904255231291e-01
2.600000000000000000e+02 1.761931810209609872e-01 3.455048995299596082e-01
2.700000000000000000e+02 1.797521516435910405e-01 3.419455703437413452e-01
2.800000000000000000e+02 1.835158076058623355e-01 3.381815834029909817e-01
2.900000000000000000e+02 1.874577710101028027e-01 3.342393039060413962e-01
3.000000000000000000e+02 1.915528753521522076e-01 3.301438953367661355e-01
3.100000000000000000e+02 1.957774815918678357e-01 3.259189641917005775e-01
3.200000000000000000e+02 2.001092010952527922e-01 3.215868575932082640e-01
3.300000000000000000e+02 2.045262871585948605e-01 3.171693885196721352e-01
3.400000000000000000e+02 2.090066580934210883e-01 3.126886145122039773e-01
3.500000000000000000e+02 2.135267574892494580e-01 3.081680861400971083e-01
3.600000000000000000e+02 2.180606945706223265e-01 3.036337393690537456e-01
3.700000000000000000e+02 2.225796127720581774e-01 2.991144651509058949e-01
3.800000000000000000e+02 2.270514350741085485e-01 2.946423427909120596e-01
3.900000000000000000e+02 2.314413431309828295e-01 2.902521642451491024e-01
4.000000000000000000e+02 2.357129864186641166e-01 2.859802785247594348e-01
4.100000000000000000e+02 2.398302357491071957e-01 2.818627898175273816e-01
4.200000000000000000e+02 2.437596359361262899e-01 2.779331754858589409e-01
4.300000000000000000e+02 2.474730335938358783e-01 2.742195820533295803e-01
4.400000000000000000e+02 2.509502633255457638e-01 2.707421693324215672e-01
4.500000000000000000e+02 2.541813544133055269e-01 2.675109077176315298e-01
4.600000000000000000e+02 2.571677638076155792e-01 2.645243192030399260e-01
4.700000000000000000e+02 2.599224152240224295e-01 2.617694697658912162e-01
4.800000000000000000e+02 2.624684065128466415e-01 2.592232589354374062e-01
4.900000000000000000e+02 2.648364563011785799e-01 2.568549656031146600e-01
5.000000000000000000e+02 2.670614229327573086e-01 2.546297173606364428e-01
5.100000000000000000e+02 2.691784834173590601e-01 2.525123396558942579e-01
5.200000000000000000e+02 2.712195319435689034e-01 2.504709348737613195e-01
5.300000000000000000e+02 2.732104073160267488e-01 2.484796791432105079e-01
5.400000000000000000e+02 2.751692293849506976e-01 2.465204714046797252e-01
5.500000000000000000e+02 2.771060452801524243e-01 2.445832668481857652e-01
5.600000000000000000e+02 2.790237503249797801e-01 2.426651665082124876e-01
5.700000000000000000e+02 2.809199719072573154e-01 2.407685347461142877e-01
5.800000000000000000e+02 2.827894849985649883e-01 2.388985947705985213e-01
5.900000000000000000e+02 2.846266202886978403e-01 2.370610278454031161e-01
6.000000000000000000e+02 2.864272113288347521e-01 2.352600121896926411e-01
6.100000000000000000e+02 2.881898985024757831e-01 2.334969112143477910e-01
6.200000000000000000e+02 2.899166446240742934e-01 2.317697538636649124e-01
6.300000000000000000e+02 2.916124514208088825e-01 2.300735316746252423e-01
6.400000000000000000e+02 2.932844959671077611e-01 2.284010684498219701e-01
6.500000000000000000e+02 2.949409911841056608e-01 2.267441541565668739e-01
6.600000000000000000e+02 2.965900564392767169e-01 2.250946709805663748e-01
6.700000000000000000e+02 2.982388105654060206e-01 2.234455200275508591e-01
6.800000000000000000e+02 2.998927965089008829e-01 2.217911753590242063e-01
6.900000000000000000e+02 3.015558658729629027e-01 2.201277718410928064e-01
7.000000000000000000e+02 3.032305316569059994e-01 2.184527792625069464e-01
7.100000000000000000e+02 3.049185414886728673e-01 2.167644261542204798e-01
7.200000000000000000e+02 3.066215469866516719e-01 2.150610435445087232e-01
7.300000000000000000e+02 3.083417399509048029e-01 2.133404588387523559e-01
7.400000000000000000e+02 3.100822082087731357e-01 2.115995883470075667e-01
7.500000000000000000e+02 3.118471049517137494e-01 2.098342746459268826e-01
7.600000000000000000e+02 3.136416074643658125e-01 2.080393399530607867e-01
7.700000000000000000e+02 3.154715724306353941e-01 2.062089266675886101e-01
7.800000000000000000e+02 3.173429215776028545e-01 2.043371168845285746e-01
7.900000000000000000e+02 3.192610020077774613e-01 2.024185698119581878e-01
8.000000000000000000e+02 3.212300195769875466e-01 2.004490796996829804e-01
8.100000000000000000e+02 3.232525795178346484e-01 1.984260448789754161e-01
8.200000000000000000e+02 3.253293366188493296e-01 1.963488125920281879e-01
8.300000000000000000e+02 3.274588079980771949e-01 1.942188639911454628e-01
8.400000000000000000e+02 3.296373796255489541e-01 1.920398120900121963e-01
8.500000000000000000e+02 3.318595278234304224e-01 1.898171848198564604e-01
8.600000000000000000e+02 3.341182430998984043e-01 1.875579966210491611e-01
8.700000000000000000e+02 3.364056066494174879e-01 1.852701650155591517e-01
8.800000000000000000e+02 3.387134747925712452e-01 1.829618329988536851e-01
8.900000000000000000e+02 3.410341945577539668e-01 1.806406515701469706e-01
9.000000000000000000e+02 3.433613067768370719e-01 1.783130798162333719e-01
9.100000000000000000e+02 3.456901564845529795e-01 1.759837840340985615e-01
9.200000000000000000e+02 3.480183397163272851e-01 1.736551786156731170e-01
9.300000000000000000e+02 3.503458812806512501e-01 1.713272327428331243e-01
9.400000000000000000e+02 3.526750569542690950e-01 1.689976568310971594e-01
9.500000000000000000e+02 3.550100288295784945e-01 1.666622853392061010e-01
9.600000000000000000e+02 3.573564209671876712e-01 1.643155079409331920e-01
9.700000000000000000e+02 3.597208255018189971e-01 1.619507466998426071e-01
9.800000000000000000e+02 3.621102490137653729e-01 1.595609926394383205e-01
9.900000000000000000e+02 3.645315176596550799e-01 1.571394114911281725e-01
1.000000000000000000e+03 3.669906395097772278e-01 1.546799912349497708e-01
1.010000000000000000e+03 3.694921673314411903e-01 1.521781771800611305e-01
1.020000000000000000e+03 3.720386380883898836e-01 1.496314287172914037e-01
1.030000000000000000e+03 3.746301687488260423e-01 1.470396232810542436e-01
1.040000000000000000e+03 3.772642517873691648e-01 1.444052572776618470e-01
1.050000000000000000e+03 3.799357986792510355e-01 1.417334036485424498e-01
1.060000000000000000e+03 3.826374639484103612e-01 1.390314002795448034e-01
1.070000000000000000e+03 3.853602045244824970e-01 1.363082954200402763e-01
1.080000000000000000e+03 3.880939968109005100e-01 1.335741288415800976e-01
1.090000000000000000e+03 3.908286548393605231e-01 1.308391041082967721e-01
1.100000000000000000e+03 3.935546086780404296e-01 1.281127964203382652e-01
1.110000000000000000e+03 3.962633642026525682e-01 1.254036965223623012e-01
1.120000000000000000e+03 3.989477880965910384e-01 1.227189339473700597e-01
1.130000000000000000e+03 4.016022678772576127e-01 1.200641191808252822e-01
1.140000000000000000e+03 4.042227138585257618e-01 1.174433356163577802e-01
1.150000000000000000e+03 4.068064339549004593e-01 1.148592670998378334e-01
1.160000000000000000e+03 4.093519015665430527e-01 1.123134367397806560e-01
1.170000000000000000e+03 4.118584296037490211e-01 1.098065318852123329e-01
1.180000000000000000e+03 4.143257674756724018e-01 1.073387996286563201e-01
1.190000000000000000e+03 4.167536614202469458e-01 1.049104867884369935e-01
1.200000000000000000e+03 4.191414383337980776e-01 1.025222650381574646e-01
1.210000000000000000e+03 4.214876841779384153e-01 1.001755587951197318e-01
1.220000000000000000e+03 4.237900780578400250e-01 9.787270602191573687e-02
1.230000000000000000e+03 4.260454014324924210e-01 9.561694155065217360e-02
1.240000000000000000e+03 4.282497414383458212e-01 9.341218787629554376e-02
1.250000000000000000e+03 4.303988458558604124e-01 9.126269725278068901e-02
1.260000000000000000e+03 4.324884718715811815e-01 8.917270868649319893e-02
1.270000000000000000e+03 4.345146206379382203e-01 8.714621322178879581e-02
1.280000000000000000e+03 4.364736225975102135e-01 8.518686818023558927e-02
1.290000000000000000e+03 4.383621616401628396e-01 8.329798388110717933e-02
1.300000000000000000e+03 4.401773187358271056e-01 8.148248256252463295e-02
1.310000000000000000e+03 4.419166725818693964e-01 7.974278910502077822e-02
1.320000000000000000e+03 4.435784754320533652e-01 7.808065211571428577e-02
1.330000000000000000e+03 4.451618639059544136e-01 7.649694239863993883e-02
1.340000000000000000e+03 4.466669995727704512e-01 7.499151437199674808e-02
1.350000000000000000e+03 4.480950494582010557e-01 7.356320800770725643e-02
1.360000000000000000e+03 4.494480031983436596e-01 7.221002673947039818e-02
1.370000000000000000e+03 4.507283609538883518e-01 7.092945864855820792e-02
1.380000000000000000e+03 4.519387583560523503e-01 6.971885991936344062e-02
1.390000000000000000e+03 4.530816087920840340e-01 6.857581466670838177e-02
1.400000000000000000e+03 4.541588106317888673e-01 6.749842246251568090e-02
1.410000000000000000e+03 4.551715543012753162e-01 6.648549006798587513e-02
1.420000000000000000e+03 4.561202370854910981e-01 6.553661351891031106e-02
1.430000000000000000e+03 4.570044730477726413e-01 6.465217671172346359e-02
1.440000000000000000e+03 4.578231969929018041e-01 6.383324947438114016e-02
1.450000000000000000e+03 4.585748698329680795e-01 6.308137282306369720e-02
1.460000000000000000e+03 4.592577717241470570e-01 6.239825975513606932e-02
1.470000000000000000e+03 4.598703167502691258e-01 6.178548933384334085e-02
1.480000000000000000e+03 4.604112879725067997e-01 6.124427819730410283e-02
1.490000000000000000e+03 4.608799202325025712e-01 6.077539025445612836e-02
1.500000000000000000e+03 4.612758102763346857e-01 6.037922799586113026e-02
1.510000000000000000e+03 4.615987443377144173e-01 6.005601151426958467e-02
1.520000000000000000e+03 4.618485643046868483e-01 5.980590995997142612e-02
1.530000000000000000e+03 4.620251615925795585e-01 5.962904396059996032e-02
1.540000000000000000e+03 4.621285940980022766e-01 5.952536256826824329e-02
1.550000000000000000e+03 4.621592654010497347e-01 5.949446687059233713e-02
1.560000000000000000e+03 4.621180391128564269e-01 5.953549955055897208e-02
1.570000000000000000e+03 4.620062149747478086e-01 5.964715911250314390e-02
1.580000000000000000e+03 4.618254151236011462e-01 5.982781400208252165e-02
1.590000000000000000e+03 4.615774566385105748e-01 6.007563739622066856e-02
1.600000000000000000e+03 4.612642493843185920e-01 6.038871405853975249e-02
1.610000000000000000e+03 4.608877369875235552e-01 6.076509529933446507e-02
1.620000000000000000e+03 4.604498589969818201e-01 6.120283552391100196e-02
1.630000000000000000e+03 4.599525148863284896e-01 6.170003433971638779e-02
1.640000000000000000e+03 4.593975194280481844e-01 6.225488477504507318e-02
1.650000000000000000e+03 4.587865749935064463e-01 6.286568993029702235e-02
1.660000000000000000e+03 4.581213011566493964e-01 6.353082410841708050e-02
1.670000000000000000e+03 4.574033337642929298e-01 6.424863903498348461e-02
1.680000000000000000e+03 4.566344632180293628e-01 6.501733519981740816e-02
1.690000000000000000e+03 4.558167723749963485e-01 6.583483054305758198e-02
1.700000000000000000e+03 4.549527646575430850e-01 6.669862800406760328e-02
1.710000000000000000e+03 4.540455155537139742e-01 6.760565743234066283e-02
1.720000000000000000e+03 4.530988686080664740e-01 6.855207796305749779e-02
1.730000000000000000e+03 4.521176435298591145e-01 6.953307095844696306e-02
1.740000000000000000e+03 4.511077907568311618e-01 7.054268434841404201e-02
1.750000000000000000e+03 4.500764134534547822e-01 7.157381188858165377e-02
1.760000000000000000e+03 4.490316021426416504e-01 7.261836043241283456e-02
1.770000000000000000e+03 4.479820947736536385e-01 7.366758764237885115e-02
1.780000000000000000e+03 4.469368490861048704e-01 7.471254094507562282e-02
1.790000000000000000e+03 4.459046028636500236e-01 7.574449225981483291e-02
1.800000000000000000e+03 4.448934825839845342e-01 7.675531877783621504e-02
1.810000000000000000e+03 4.439107316649873458e-01 7.773777290319916489e-02
1.820000000000000000e+03 4.429625615218170664e-01 7.868564187997427462e-02
1.830000000000000000e+03 4.420541033441824919e-01 7.959380173661728675e-02
1.840000000000000000e+03 4.411894402506725821e-01 8.045818331016213465e-02
1.850000000000000000e+03 4.403716873440320367e-01 8.127567979473700188e-02
1.860000000000000000e+03 4.396030931513612572e-01 8.204403450469072157e-02
1.870000000000000000e+03 4.388851445727979805e-01 8.276174260696479712e-02
1.880000000000000000e+03 4.382186681648860271e-01 8.342796515873611429e-02
1.890000000000000000e+03 4.376039494812265507e-01 8.404241954803244596e-02
1.900000000000000000e+03 4.370409066126459408e-01 8.460519822706998039e-02
1.910000000000000000e+03 4.365293576272569753e-01 8.511648969633579809e-02
1.920000000000000000e+03 4.360693681510052766e-01 8.557622606478712535e-02
1.930000000000000000e+03 4.356615984066639635e-01 8.598374297044367176e-02
1.940000000000000000e+03 4.353075345665844420e-01 8.633755244803162365e-02
1.950000000000000000e+03 4.350095340568504443e-01 8.663529769564000393e-02
1.960000000000000000e+03 4.347706846482938814e-01 8.687389092983216488e-02
1.970000000000000000e+03 4.345945478006011942e-01 8.704976776465159216e-02
1.980000000000000000e+03 4.344849041591706262e-01 8.715914746869983520e-02
1.990000000000000000e+03 4.344455597049208806e-01 8.719822647254210635e-02
2.000000000000000000e+03 4.344802291776731495e-01 8.716329601506427049e-02
2.010000000000000000e+03 4.345924474428363160e-01 8.705082870980962451e-02
2.020000000000000000e+03 4.347854350291076031e-01 8.685760319078751623e-02
2.030000000000000000e+03 4.350618728514114575e-01 8.658092876085619893e-02
2.040000000000000000e+03 4.354235774685565330e-01 8.621898151897040841e-02
2.050000000000000000e+03 4.358711120746473489e-01 8.577120028395635032e-02
2.060000000000000000e+03 4.364034123357607986e-01 8.523865706651347074e-02
2.070000000000000000e+03 4.370175421565890561e-01 8.462429350481889823e-02
2.080000000000000000e+03 4.377086826374425033e-01 8.393293244595315117e-02
2.090000000000000000e+03 4.384703959308496879e-01 8.317101359469868116e-02
2.100000000000000000e+03 4.392951308813009548e-01 8.234608500434019429e-02
2.110000000000000000e+03 4.401748648793781804e-01 8.146616300790514298e-02
2.120000000000000000e+03 4.411017119305984946e-01 8.053913141606140746e-02
2.130000000000000000e+03 4.420683337881680108e-01 7.957232678461971520e-02
2.140000000000000000e+03 4.430681125015682453e-01 7.857236230190819959e-02
2.150000000000000000e+03 4.440951541631317223e-01 7.754512891991091617e-02
2.160000000000000000e+03 4.451442413582312740e-01 7.649585325778214540e-02
2.170000000000000000e+03 4.462108046891077318e-01 7.542911937668045352e-02
2.180000000000000000e+03 4.472909248136732185e-01 7.434885143540577446e-02
2.190000000000000000e+03 4.483813095590499231e-01 7.325833461802486180e-02
2.200000000000000000e+03 4.494791675579696277e-01 7.216035052833458252e-02
2.210000000000000000e+03 4.505819623516815753e-01 7.105742891121652471e-02
2.220000000000000000e+03 4.516871408854717385e-01 6.995212121336047417e-02
2.230000000000000000e+03 4.527919577280589136e-01 6.884717074127368053e-02
2.240000000000000000e+03 4.538934720631910835e-01 6.774551436440585939e-02
2.250000000000000000e+03 4.549886678279557173e-01 6.665017000497841515e-02
2.260000000000000000e+03 4.560745461042138849e-01 6.556414928860351821e-02
2.270000000000000000e+03 4.571480523518500205e-01 6.449051501464106440e-02
2.280000000000000000e+03 4.582058612505398587e-01 6.343258532854352538e-02
2.290000000000000000e+03 4.592441655436030334e-01 6.239416007574940387e-02
2.300000000000000000e+03 4.602586245125070419e-01 6.137958350588944290e-02
2.310000000000000000e+03 4.612445851034444599e-01 6.039351413580806155e-02
2.320000000000000000e+03 4.621975725814216340e-01 5.944042454813969201e-02
2.330000000000000000e+03 4.631138861101798954e-01 5.852400801449587214e-02
2.340000000000000000e+03 4.639910614590345150e-01 5.764672892596527098e-02
2.350000000000000000e+03 4.648279838383054252e-01 5.680970679836799819e-02
2.360000000000000000e+03 4.656246275120788369e-01 5.601296614158043224e-02
2.370000000000000000e+03 4.663815345829128156e-01 5.525596056477202062e-02
2.380000000000000000e+03 4.670992172500522122e-01 5.453817909309694595e-02
2.390000000000000000e+03 4.677776544619112742e-01 5.385965345338730725e-02
2.400000000000000000e+03 4.684159903479017673e-01 5.322124646726656555e-02
2.410000000000000000e+03 4.690124391723924369e-01 5.262473923538715098e-02
2.420000000000000000e+03 4.695643421050558763e-01 5.207278326341826385e-02
2.430000000000000000e+03 4.700683170529019184e-01 5.156875539381478718e-02
2.440000000000000000e+03 4.705204483970574225e-01 5.111656808468922897e-02
2.450000000000000000e+03 4.709165004787555509e-01 5.072046254729891540e-02
2.460000000000000000e+03 4.712521754728644097e-01 5.038474353876067069e-02
2.470000000000000000e+03 4.715233821305386264e-01 5.011350258961058679e-02
2.480000000000000000e+03 4.717264712045902142e-01 4.991038455154172410e-02
2.490000000000000000e+03 4.718583680624106047e-01 4.977846397861913907e-02
2.500000000000000000e+03 4.719165421749582645e-01 4.972026856318261662e-02
2.510000000000000000e+03 4.718988305207410527e-01 4.973795643250890353e-02
2.520000000000000000e+03 4.718031840551434875e-01 4.983357450178674264e-02
2.530000000000000000e+03 4.716274495571715630e-01 5.000927820814671937e-02
2.540000000000000000e+03 4.713692968924294568e-01 5.026739626569953767e-02
2.550000000000000000e+03 4.710263768541829155e-01 5.061027641142200328e-02
2.560000000000000000e+03 4.705966887077956962e-01 5.103992119370425601e-02
2.570000000000000000e+03 4.700790445193079314e-01 5.155751840260917873e-02
2.580000000000000000e+03 4.694735121670509659e-01 5.216299869307487735e-02
2.590000000000000000e+03 4.687817025239493507e-01 5.285475468519851977e-02
2.600000000000000000e+03 4.680067934367812543e-01 5.362961791965996372e-02
2.610000000000000000e+03 4.671532840893610761e-01 5.448309437027902546e-02
2.620000000000000000e+03 4.662265759569974577e-01 5.540977694885012433e-02
2.630000000000000000e+03 4.652324712260527129e-01 5.640385867224767535e-02
2.640000000000000000e+03 4.641766756568171393e-01 5.745963431219451578e-02
2.650000000000000000e+03 4.630644149467170734e-01 5.857187623397437648e-02
2.660000000000000000e+03 4.619002558827217109e-01 5.973601257195632758e-02
2.670000000000000000e+03 4.606881267568038174e-01 6.094811569655715633e-02
2.680000000000000000e+03 4.594314656119743434e-01 6.220475469333427293e-02
2.690000000000000000e+03 4.581334031075035007e-01 6.350280600559947419e-02
2.700000000000000000e+03 4.567968436792943510e-01 6.483937269938497283e-02
2.710000000000000000e+03 4.554243301602531879e-01 6.621191960608943661e-02
2.720000000000000000e+03 4.540176746517996520e-01 6.761863258268735466e-02
2.730000000000000000e+03 4.525774986881491158e-01 6.905887828382485660e-02
2.740000000000000000e+03 4.511029244816875949e-01 7.053352242658884885e-02
2.750000000000000000e+03 4.495916364117540920e-01 7.204487162869202543e-02
2.760000000000000000e+03 4.480404654955883470e-01 7.359608971409312139e-02
2.770000000000000000e+03 4.464464696629993901e-01 7.519012065332186801e-02
2.780000000000000000e+03 4.448082430782169805e-01 7.682837791200418376e-02
2.790000000000000000e+03 4.431270486513952944e-01 7.850960994722666619e-02
2.800000000000000000e+03 4.414073554106733299e-01 8.022935577977126365e-02
2.810000000000000000e+03 4.396565687268645939e-01 8.198021121273124656e-02
2.820000000000000000e+03 4.378840412846729535e-01 8.375282206232821658e-02
2.830000000000000000e+03 4.360997126578117777e-01 8.553724830243855659e-02
2.840000000000000000e+03 4.343128516001562023e-01 8.732421907489977542e-02
2.850000000000000000e+03 4.325313152545571804e-01 8.910587113458012798e-02
2.860000000000000000e+03 4.307614892286174002e-01 9.087581297145352899e-02
2.870000000000000000e+03 4.290087643544401308e-01 9.262865083617320694e-02
2.880000000000000000e+03 4.272781991258925993e-01 9.435932412321600127e-02
2.890000000000000000e+03 4.255749992505555301e-01 9.606262620295015486e-02
2.900000000000000000e+03 4.239045892988979602e-01 9.773313617385763485e-02
2.910000000000000000e+03 4.222722747864631754e-01 9.936555502489978486e-02
2.920000000000000000e+03 4.206826927108852088e-01 1.009552487202990678e-01
2.930000000000000000e+03 4.191393448501528063e-01 1.024987144745758555e-01
2.940000000000000000e+03 4.176444408242168671e-01 1.039937430075544011e-01
2.950000000000000000e+03 4.161991136320640772e-01 1.054392043827244441e-01
2.960000000000000000e+03 4.148039061160194718e-01 1.068345580258808630e-01
2.970000000000000000e+03 4.134593179279295594e-01 1.081793037042369371e-01
2.980000000000000000e+03 4.121661939719010181e-01 1.094725943650312339e-01
2.990000000000000000e+03 4.109258431657941135e-01 1.107131200835399371e-01
3.000000000000000000e+03 4.097399319500720782e-01 1.118992154322933502e-01
3.010000000000000000e+03 4.086103085310969218e-01 1.130290331609505733e-01
3.020000000000000000e+03 4.075389261866305679e-01 1.141006189794437076e-01
3.030000000000000000e+03 4.065279425041637973e-01 1.151118135291170769e-01
3.040000000000000000e+03 4.055799320381403561e-01 1.160600406692019193e-01
3.050000000000000000e+03 4.046980632604409989e-01 1.169421313925835954e-01
3.060000000000000000e+03 4.038861039367653283e-01 1.177543207947718967e-01
3.070000000000000000e+03 4.031482065863404851e-01 1.184924616806063147e-01
3.080000000000000000e+03 4.024885397716207458e-01 1.191523890067004154e-01
3.090000000000000000e+03 4.019108986172620357e-01 1.197303077461194243e-01
3.100000000000000000e+03 4.014184024956410357e-01 1.202230944742902485e-01
3.110000000000000000e+03 4.010133196550551560e-01 1.206284727250728356e-01
3.120000000000000000e+03 4.006969930816474679e-01 1.209450914420014123e-01
3.130000000000000000e+03 4.004698090533840293e-01 1.211725614628660491e-01
3.140000000000000000e+03 4.003311728398902813e-01 1.213114789918057074e-01
3.150000000000000000e+03 4.002795140173213695e-01 1.213634167230394634e-01
3.160000000000000000e+03 4.003123814229720967e-01 1.213308280719744836e-01
3.170000000000000000e+03 4.004266771634185651e-01 1.212168133681469084e-01
3.180000000000000000e+03 4.006190298667045013e-01 1.210247445014762391e-01
3.190000000000000000e+03 4.008862449813246354e-01 1.207578119246484616e-01
3.200000000000000000e+03 4.012257210452576661e-01 1.204186097733937061e-01
3.210000000000000000e+03 4.016357107394222248e-01 1.200088823302325330e-01
3.220000000000000000e+03 4.021153443568903918e-01 1.195295063563294874e-01
3.230000000000000000e+03 4.026644172205227079e-01 1.189806990885826921e-01
3.240000000000000000e+03 4.032830369389798775e-01 1.183623610041585061e-01
3.250000000000000000e+03 4.039712768304798973e-01 1.176744182116726822e-01
3.260000000000000000e+03 4.047289619017235829e-01 1.169170408182640952e-01
3.270000000000000000e+03 4.055556392343758754e-01 1.160906787016309782e-01
3.280000000000000000e+03 4.064506986249354914e-01 1.151959418961814446e-01
3.290000000000000000e+03 4.074135523476030141e-01 1.142334186322413597e-01
3.300000000000000000e+03 4.084437661732041591e-01 1.132035414952418384e-01
3.310000000000000000e+03 4.095410614260490689e-01 1.121065830095000909e-01
3.320000000000000000e+03 4.107051673771374700e-01 1.109428057854946470e-01
3.330000000000000000e+03 4.119355552959958477e-01 1.097127348013113152e-01
3.340000000000000000e+03 4.132311226396384596e-01 1.084174767140091283e-01
3.350000000000000000e+03 4.145899202769778857e-01 1.070589907727995532e-01
3.360000000000000000e+03 4.160090106950887212e-01 1.056402237522530568e-01
3.370000000000000000e+03 4.174845114672969815e-01 1.041650600024564416e-01
3.380000000000000000e+03 4.190118213946488201e-01 1.026380956880895423e-01
3.390000000000000000e+03 4.205859657403070995e-01 1.010642998233187151e-01
3.400000000000000000e+03 4.222019559569233915e-01 9.944865938111500936e-02
3.410000000000000000e+03 4.238550606444825841e-01 9.779590759284326196e-02
3.420000000000000000e+03 4.255409270466508631e-01 9.611040021586386706e-02
3.430000000000000000e+03 4.272555453763639544e-01 9.439614961096140511e-02
3.440000000000000000e+03 4.289951002013653314e-01 9.265697139306870722e-02
3.450000000000000000e+03 4.307557933798811800e-01 9.089666117228846487e-02
3.460000000000000000e+03 4.325337267034818356e-01 8.911911402298332285e-02
3.470000000000000000e+03 4.343248933385962518e-01 8.732833460783426260e-02
3.480000000000000000e+03 4.361252597429352007e-01 8.552835567728336863e-02
3.490000000000000000e+03 4.379308551964508078e-01 8.372314851164830429e-02
3.500000000000000000e+03 4.397377657154104558e-01 8.191662809485855679e-02
3.510000000000000000e+03 4.415419775968642546e-01 8.011280817670958510e-02
3.520000000000000000e+03 4.433391157861658605e-01 7.831606275438469933e-02
3.530000000000000000e+03 4.451242203591496138e-01 7.653135059281770958e-02
3.540000000000000000e+03 4.468917342757833810e-01 7.476422760930982736e-02
3.550000000000000000e+03 4.486358013328070049e-01 7.302054794536180782e-02
3.560000000000000000e+03 4.503508196053773172e-01 7.130591120466309163e-02
3.570000000000000000e+03 4.520320414570194179e-01 6.962506401650506160e-02
3.580000000000000000e+03 4.536759539331433055e-01 6.798152002974221231e-02
3.590000000000000000e+03 4.552802569371220409e-01 6.637758223605157160e-02
3.600000000000000000e+03 4.568434350087091089e-01 6.481477165056294398e-02
3.610000000000000000e+03 4.583641015483971848e-01 6.329448157859632329e-02
3.620000000000000000e+03 4.598403899663752181e-01 6.181858337035613105e-02
3.630000000000000000e+03 4.612696259165057211e-01 6.038975270860288957e-02
3.640000000000000000e+03 4.626483672871161135e-01 5.901142994598036068e-02
3.650000000000000000e+03 4.639727439190303726e-01 5.768748259627878849e-02
3.660000000000000000e+03 4.652389464443248412e-01 5.642171826705565107e-02
3.670000000000000000e+03 4.664437285679698952e-01 5.521738062629354127e-02
3.680000000000000000e+03 4.675848589674919120e-01 5.407669662789599263e-02
3.690000000000000000e+03 4.686614931439225806e-01 5.300050747062454159e-02
3.700000000000000000e+03 4.696743997631711021e-01 5.198804439503990071e-02
3.710000000000000000e+03 4.706259267586153094e-01 5.103696191086616596e-02
3.720000000000000000e+03 4.715196023841067841e-01 5.014373608568047092e-02
3.730000000000000000e+03 4.723593707911392658e-01 4.930442729470042862e-02
3.740000000000000000e+03 4.731486349578507000e-01 4.851563450894623430e-02
3.750000000000000000e+03 4.738894156926672929e-01 4.777533560706866828e-02
3.760000000000000000e+03 4.745819314633371588e-01 4.708330904663741989e-02
3.770000000000000000e+03 4.752247510868869429e-01 4.644098269853783045e-02
3.780000000000000000e+03 4.758154484897095804e-01 4.585077935916443553e-02
3.790000000000000000e+03 4.763515109604977149e-01 4.531520946622936974e-02
3.800000000000000000e+03 4.768311932825902710e-01 4.483601863665361703e-02
3.810000000000000000e+03 4.772540782091588829e-01 4.441362711989119832e-02
3.820000000000000000e+03 4.776212452114227958e-01 4.404695908137765126e-02
3.830000000000000000e+03 4.779350856265242031e-01 4.373362409879658769e-02
3.840000000000000000e+03 4.781988931317506797e-01 4.347032596961104833e-02
3.850000000000000000e+03 4.784163898585795383e-01 4.325333952063235149e-02
3.860000000000000000e+03 4.785913352577558233e-01 4.307890416963707642e-02
3.870000000000000000e+03 4.787273189000805229e-01 4.294343125754139512e-02
3.880000000000000000e+03 4.788277515881110280e-01 4.284351177784199993e-02
3.890000000000000000e+03 4.788959608645126931e-01 4.277581930953522349e-02
3.900000000000000000e+03 4.789352300385397165e-01 4.273706982115552805e-02
3.910000000000000000e+03 4.789486561302546686e-01 4.272416425672373452e-02
3.920000000000000000e+03 4.789388403443315401e-01 4.273450021018485034e-02
3.930000000000000000e+03 4.789075843387007869e-01 4.276627679747882493e-02
3.940000000000000000e+03 4.788558347411301930e-01 4.281855014573256873e-02
3.950000000000000000e+03 4.787840176298396866e-01 4.289089642757907411e-02
3.960000000000000000e+03 4.786926769624065825e-01 4.298277147980974350e-02
3.970000000000000000e+03 4.785831011182964945e-01 4.309288580999377088e-02
3.980000000000000000e+03 4.784575472109965921e-01 4.321898192717343878e-02
3.990000000000000000e+03 4.783188430521254642e-01 4.335823237671340702e-02
4.000000000000000000e+03 4.781694824347283435e-01 4.350814360916237938e-02
4.010000000000000000e+03 4.780106347049352111e-01 4.366754548617415160e-02
4.020000000000000000e+03 4.778415770794134931e-01 4.383715965758020611e-02
4.030000000000000000e+03 4.776598644659848514e-01 4.401943178248887700e-02
4.040000000000000000e+03 4.774621885705978563e-01 4.421767075727150303e-02
4.050000000000000000e+03 4.772455656727683793e-01 4.443485877250686472e-02
4.060000000000000000e+03 4.770083746529328317e-01 4.467261532369366100e-02
4.070000000000000000e+03 4.767508711142410260e-01 4.493068511647783231e-02
4.080000000000000000e+03 4.764750552923510130e-01 4.520706806783323511e-02
4.090000000000000000e+03 4.761840320306472973e-01 4.549865772567189548e-02
4.100000000000000000e+03 4.758811480419375406e-01 4.580210620060157917e-02
4.110000000000000000e+03 4.755691986133291360e-01 4.611461951158347256e-02
4.120000000000000000e+03 4.752499105392596901e-01 4.643447323765036855e-02
4.130000000000000000e+03 4.749237885516749968e-01 4.676116316499397130e-02
4.140000000000000000e+03 4.745903051524060778e-01 4.709521540989460714e-02
4.150000000000000000e+03 4.742483382948161075e-01 4.743775076316966710e-02
4.160000000000000000e+03 4.738967213096278441e-01 4.778993552340707329e-02
4.170000000000000000e+03 4.735347532738281018e-01 4.815246994916531215e-02
4.180000000000000000e+03 4.731625230789908709e-01 4.852526349673587369e-02
4.190000000000000000e+03 4.727809437335419585e-01 4.890740226863597023e-02
4.200000000000000000e+03 4.723914875658331569e-01 4.929741458894925515e-02
4.210000000000000000e+03 4.719957461782091079e-01 4.969370969488316747e-02
4.220000000000000000e+03 4.715950435053246625e-01 5.009496337608633498e-02
4.230000000000000000e+03 4.711903315478281895e-01 5.050022344254406770e-02
4.240000000000000000e+03 4.707824628641378295e-01 5.090863802296987511e-02
4.250000000000000000e+03 4.703727250597123932e-01 5.131891977767581020e-02
4.260000000000000000e+03 4.699633531886336923e-01 5.172883459852758992e-02
4.270000000000000000e+03 4.695577010158004660e-01 5.213503225093978760e-02
4.280000000000000000e+03 4.691599024893092773e-01 5.253338268466187233e-02
4.290000000000000000e+03 4.687741225179305471e-01 5.291972134841640280e-02
4.300000000000000000e+03 4.684037188646427707e-01 5.329068737889311458e-02
4.310000000000000000e+03 4.680506828949897447e-01 5.364428625238990694e-02
4.320000000000000000e+03 4.677155830510588141e-01 5.397994941366161814e-02
4.330000000000000000e+03 4.673979897330495792e-01 5.429810854675953119e-02
4.340000000000000000e+03 4.670971577364151917e-01 5.459950992325177804e-02
4.350000000000000000e+03 4.668126776231011354e-01 5.488456213118887705e-02
4.360000000000000000e+03 4.665448789993790757e-01 5.515293338587688721e-02
4.370000000000000000e+03 4.662949120839218753e-01 5.540347135860633487e-02
4.380000000000000000e+03 4.660645514673263934e-01 5.563440105894842946e-02
4.390000000000000000e+03 4.658558146291462143e-01 5.584370622577432969e-02
4.400000000000000000e+03 4.656704880099449828e-01 5.602960075122077194e-02
4.410000000000000000e+03 4.655096489794797732e-01 5.619100556666552226e-02
4.420000000000000000e+03 4.653732818390000081e-01 5.632793455949225425e-02
4.430000000000000000e+03 4.652601040717339043e-01 5.644167025871417442e-02
4.440000000000000000e+03 4.651677090521190161e-01 5.653462045559392440e-02
4.450000000000000000e+03 4.650930543721751853e-01 5.660982903670385563e-02
4.460000000000000000e+03 4.650331844727638164e-01 5.667025332035321994e-02
4.470000000000000000e+03 4.649859489095563014e-01 5.671804527480101693e-02
4.480000000000000000e+03 4.649504514059440985e-01 5.675410156905730946e-02
4.490000000000000000e+03 4.649270712185871179e-01 5.677804322844692830e-02
4.500000000000000000e+03 4.649170825867685597e-01 5.678859706310531580e-02
4.510000000000000000e+03 4.649220675815148307e-01 5.678418112085625857e-02
4.520000000000000000e+03 4.649433824209845412e-01 5.676343774873503917e-02
4.530000000000000000e+03 4.649818603969336217e-01 5.672553241404775654e-02
4.540000000000000000e+03 4.650377787738538271e-01 5.667018791668460703e-02
4.550000000000000000e+03 4.651109835943084136e-01 5.659755761621058229e-02
4.560000000000000000e+03 4.652010309568859747e-01 5.650808391065328257e-02
4.570000000000000000e+03 4.653072572539367346e-01 5.640242895824243430e-02
4.580000000000000000e+03 4.654287928102248673e-01 5.628146238518142580e-02
4.590000000000000000e+03 4.655645947151784148e-01 5.614622791365692089e-02
4.600000000000000000e+03 4.657135515691234739e-01 5.599783660181366363e-02
4.610000000000000000e+03 4.658746256776958306e-01 5.583732461693054899e-02
4.620000000000000000e+03 4.660469191546178780e-01 5.566558857077034267e-02
4.630000000000000000e+03 4.662295627581402035e-01 5.548349771672021064e-02
4.640000000000000000e+03 4.664214358793392634e-01 5.529217447295944193e-02
4.650000000000000000e+03 4.666208559548900014e-01 5.509330324776211263e-02
4.660000000000000000e+03 4.668254390470898407e-01 5.488926838479892684e-02
4.670000000000000000e+03 4.670322679115841980e-01 5.468298715860701875e-02
4.680000000000000000e+03 4.672383412791042967e-01 5.447746068298293248e-02
4.690000000000000000e+03 4.674411265367820478e-01 5.427522182960900499e-02
4.700000000000000000e+03 4.676389742829188956e-01 5.407792057170705130e-02
4.710000000000000000e+03 4.678312213143926979e-01 5.388622023609933309e-02
4.720000000000000000e+03 4.680179626901877499e-01 5.370002592496250782e-02
4.730000000000000000e+03 4.681996148061454699e-01 5.351892042123523874e-02
4.740000000000000000e+03 4.683764534907662314e-01 5.334262592212526272e-02
4.750000000000000000e+03 4.685482696964773375e-01 5.317135048995945412e-02
4.760000000000000000e+03 4.687142028520465686e-01 5.300595564036813395e-02
4.770000000000000000e+03 4.688727665652942522e-01 5.284792920872596889e-02
4.780000000000000000e+03 4.690220800847698102e-01 5.269915330177635943e-02
4.790000000000000000e+03 4.691603034126768934e-01 5.256146991950049613e-02
4.800000000000000000e+03 4.692861971860794457e-01 5.243612060759318683e-02
4.810000000000000000e+03 4.693996127013179143e-01 5.232325378843132729e-02
4.820000000000000000e+03 4.695016598487983805e-01 5.222175635741690969e-02
4.830000000000000000e+03 4.695943832141997731e-01 5.212958129419641845e-02
4.840000000000000000e+03 4.696799945074977001e-01 5.204451749762654261e-02
4.850000000000000000e+03 4.697599547857928548e-01 5.196510519062497169e-02
4.860000000000000000e+03 4.698343120619520308e-01 5.189129806556509739e-02
4.870000000000000000e+03 4.699015802344075898e-01 5.182458356544539929e-02
4.880000000000000000e+03 4.699591872226197564e-01 5.176753350344164700e-02
4.890000000000000000e+03 4.700042701514601240e-01 5.172300995160725862e-02
4.900000000000000000e+03 4.700344883816948705e-01 5.169335317053630474e-02
4.910000000000000000e+03 4.700486071387948162e-01 5.167979836411959460e-02
4.920000000000000000e+03 4.700467815786267822e-01 5.168219096361729298e-02
4.930000000000000000e+03 4.700306097423296303e-01 5.169893234136636179e-02
4.940000000000000000e+03 4.700030365444344826e-01 5.172707683405153301e-02
4.950000000000000000e+03 4.699680960337393465e-01 5.176258977053131011e-02
4.960000000000000000e+03 4.699304029434710483e-01 5.180085611772282383e-02
4.970000000000000000e+03 4.698943339525660234e-01 5.183749978263411246e-02
4.980000000000000000e+03 4.698629876862831511e-01 5.186942221022165095e-02
4.990000000000000000e+03 4.698372048967163206e-01 5.189578216470189242e-02
5.000000000000000000e+03 4.698150231948391431e-01 5.191854217769814595e-02
5.010000000000000000e+03 4.697918576240830979e-01 5.194228821361383114e-02
5.020000000000000000e+03 4.697614542724097841e-01 5.197327531853520449e-02
5.030000000000000000e+03 4.697173620556908125e-01 5.201795484351339621e-02
5.040000000000000000e+03 4.696544552218793189e-01 5.208145227201295413e-02
5.050000000000000000e+03 4.695700152172733177e-01 5.216648599165360500e-02
5.060000000000000000e+03 4.694640555132348902e-01 5.227304214430929935e-02
5.070000000000000000e+03 4.693388593165039868e-01 5.239883760727008510e-02
5.080000000000000000e+03 4.691979599385823763e-01 5.254033974712325056e-02
5.090000000000000000e+03 4.690449369883643582e-01 5.269396926592728042e-02
5.100000000000000000e+03 4.688823968243267526e-01 5.285711973471962644e-02
5.110000000000000000e+03 4.687113895717361922e-01 5.302874075782200436e-02
5.120000000000000000e+03 4.685313709905460922e-01 5.320937621098122128e-02
5.130000000000000000e+03 4.683406918770577354e-01 5.340067514621164857e-02
5.140000000000000000e+03 4.681374920537479389e-01 5.360449819888148115e-02
5.150000000000000000e+03 4.679207721983279500e-01 5.382184525831426591e-02
5.160000000000000000e+03 4.676913240532050708e-01 5.405192450113196351e-02
5.170000000000000000e+03 4.674521626603504454e-01 5.429172038568062103e-02
5.180000000000000000e+03 4.672081900522727649e-01 5.453632998275970839e-02
5.190000000000000000e+03 4.669650579088864273e-01 5.478010045467918143e-02
5.200000000000000000e+03 4.667275169684889091e-01 5.501827982816150792e-02
5.210000000000000000e+03 4.664978078440847886e-01 5.524862680527361375e-02
5.220000000000000000e+03 4.662747161465714552e-01 5.547235644953352196e-02
5.230000000000000000e+03 4.660537182246048404e-01 5.569399375228936688e-02
5.240000000000000000e+03 4.658282482481181930e-01 5.592010481965210139e-02
5.250000000000000000e+03 4.655916815122064789e-01 5.615731368893960712e-02
5.260000000000000000e+03 4.653393362337516215e-01 5.641030103845096066e-02
5.270000000000000000e+03 4.650697881001795708e-01 5.668049088131386914e-02
5.280000000000000000e+03 4.647850656590007401e-01 5.696585583197373570e-02
5.290000000000000000e+03 4.644897344850636989e-01 5.726183199993356565e-02
5.300000000000000000e+03 4.641892900411488387e-01 5.756292511903000897e-02
5.310000000000000000e+03 4.638884915477078374e-01 5.786437644833963834e-02
5.320000000000000000e+03 4.635902182292985785e-01 5.816330582224772672e-02
5.330000000000000000e+03 4.632951735796563830e-01 5.845900850964889234e-02
5.340000000000000000e+03 4.630024157251624306e-01 5.875242613059923624e-02
5.350000000000000000e+03 4.627104020308561161e-01 5.904510106438376482e-02
5.360000000000000000e+03 4.624181014815798019e-01 5.933806319908820071e-02
5.370000000000000000e+03 4.621257668496136506e-01 5.963105907301055608e-02
5.380000000000000000e+03 4.618351300238637824e-01 5.992235742960264760e-02
5.390000000000000000e+03 4.615490145921303244e-01 6.020913536545497574e-02
5.400000000000000000e+03 4.612705601401918543e-01 6.048825282316091373e-02
5.410000000000000000e+03 4.610023541460990248e-01 6.075712148517441874e-02
5.420000000000000000e+03 4.607457535265928605e-01 6.101438476323820664e-02
5.430000000000000000e+03 4.605005775478226981e-01 6.126022409497754173e-02
5.440000000000000000e+03 4.602652244886663024e-01 6.149624125379469369e-02
5.450000000000000000e+03 4.600371485773496194e-01 6.172498222968510195e-02
5.460000000000000000e+03 4.598135604961336442e-01 6.194923760234450488e-02
5.470000000000000000e+03 4.595921893997532148e-01 6.217127925466645055e-02
5.480000000000000000e+03 4.593719474820668336e-01 6.239219505321261239e-02
5.490000000000000000e+03 4.591533432837333617e-01 6.261147584965827406e-02
5.500000000000000000e+03 4.589385144637407321e-01 6.282698322798759005e-02
5.510000000000000000e+03 4.587308242751225174e-01 6.303535409251385946e-02
5.520000000000000000e+03 4.585340912399490376e-01 6.323277080600248068e-02
5.530000000000000000e+03 4.583516697747014312e-01 6.341587919619816327e-02
5.540000000000000000e+03 4.581856896634180498e-01 6.358254863635942611e-02
5.550000000000000000e+03 4.580367228246600142e-01 6.373220586844247082e-02
5.560000000000000000e+03 4.579039802712041030e-01 6.386563944541023830e-02
5.570000000000000000e+03 4.577859216239710261e-01 6.398439008029337127e-02
5.580000000000000000e+03 4.576810015204978987e-01 6.409000334292665191e-02
5.590000000000000000e+03 4.575882557768705672e-01 6.418344368518384691e-02
5.600000000000000000e+03 4.575075450730820559e-01 6.426485062016670802e-02
5.610000000000000000e+03 4.574394578596840955e-01 6.433363545902864855e-02
5.620000000000000000e+03 4.573850198213486040e-01 6.438877222130551248e-02
5.630000000000000000e+03 4.573453961278852731e-01 6.442909624952226910e-02
5.640000000000000000e+03 4.573217078979124883e-01 6.445348707603834604e-02
5.650000000000000000e+03 4.573149791910001150e-01 6.446092052647559023e-02
5.660000000000000000e+03 4.573261488338243863e-01 6.445045781465967571e-02
5.670000000000000000e+03 4.573560656881529574e-01 6.442125124018345528e-02
5.680000000000000000e+03 4.574054389764315998e-01 6.437259274268719578e-02
5.690000000000000000e+03 4.574747878988035810e-01 6.430396329909821018e-02
5.700000000000000000e+03 4.575644596939214548e-01 6.421501591270784015e-02
5.710000000000000000e+03 4.576747412940931348e-01 6.410546452620528857e-02
5.720000000000000000e+03 4.578060200945655578e-01 6.397492224351017387e-02
5.730000000000000000e+03 4.579589125830097474e-01 6.382277252255254274e-02
5.740000000000000000e+03 4.581343084846591363e-01 6.364812562343485913e-02
5.750000000000000000e+03 4.583333553321312093e-01 6.344983450796258528e-02
5.760000000000000000e+03 4.585574623373519509e-01 6.322648996676884237e-02
5.770000000000000000e+03 4.588083815594182768e-01 6.297633943621328001e-02
5.780000000000000000e+03 4.590883326438826573e-01 6.269716335240022032e-02
5.790000000000000000e+03 4.594000525525058776e-01 6.238622491439470980e-02
5.800000000000000000e+03 4.597466489344141927e-01 6.204041587043027106e-02
5.810000000000000000e+03 4.601312174234799546e-01 6.165663977869684231e-02
5.820000000000000000e+03 4.605562990420619118e-01 6.123235548158010438e-02
5.830000000000000000e+03 4.610233325660433867e-01 6.076612414418985919e-02
5.840000000000000000e+03 4.615322532112082210e-01 6.025800965345858018e-02
5.850000000000000000e+03 4.620813126100320467e-01 5.970976023578773717e-02
5.860000000000000000e+03 4.626671007016539550e-01 5.912478785797185138e-02
5.870000000000000000e+03 4.632847072864748617e-01 5.850800284188001354e-02
5.880000000000000000e+03 4.639280002347578868e-01 5.786553493003660648e-02
5.890000000000000000e+03 4.645900511412246470e-01 5.720431019798519201e-02
5.900000000000000000e+03 4.652637712537385783e-01 5.653141705717681237e-02
5.910000000000000000e+03 4.659427814807043933e-01 5.585323559674609112e-02
5.920000000000000000e+03 4.666224187765633524e-01 5.517442989676181464e-02
5.930000000000000000e+03 4.673006260063507500e-01 5.449705779032384956e-02
5.940000000000000000e+03 4.679783822446786368e-01 5.382014063119015118e-02
5.950000000000000000e+03 4.686593927959382122e-01 5.313997352895515752e-02
5.960000000000000000e+03 4.693489830835926302e-01 5.245123151419569391e-02
5.970000000000000000e+03 4.700524485513668527e-01 5.174861934693342214e-02
5.980000000000000000e+03 4.707733649529262654e-01 5.102856107573869315e-02
5.990000000000000000e+03 4.715124297210778748e-01 5.029035868029930328e-02
6.000000000000000000e+03 4.722672372454984058e-01 4.953641714770726234e-02
6.010000000000000000e+03 4.730330435474630058e-01 4.877148036148191285e-02
6.020000000000000000e+03 4.738041910207008156e-01 4.800120637807026025e-02
6.030000000000000000e+03 4.745756118842203719e-01 4.723066335109724068e-02
6.040000000000000000e+03 4.753438280777329550e-01 4.646332933377435304e-02
6.050000000000000000e+03 4.761071222207523546e-01 4.570092162814622105e-02
6.060000000000000000e+03 4.768649508362670653e-01 4.494398396961055142e-02
6.070000000000000000e+03 4.776170097588018915e-01 4.419282120138331993e-02
6.080000000000000000e+03 4.783624683466287109e-01 4.344826474392946697e-02
6.090000000000000000e+03 4.790997165003162972e-01 4.271192510471868986e-02
6.100000000000000000e+03 4.798266295640393753e-01 4.198592664970689226e-02
6.110000000000000000e+03 4.805410615163731580e-01 4.127241448386755746e-02
6.120000000000000000e+03 4.812412002803602706e-01 4.057319942248732714e-02
6.130000000000000000e+03 4.819255914064948798e-01 3.988973483224486638e-02
6.140000000000000000e+03 4.825929270248235370e-01 3.922332806909163000e-02
6.150000000000000000e+03 4.832419023314185602e-01 3.857528390797922146e-02
6.160000000000000000e+03 4.838714108686877347e-01 3.794670883549006168e-02
6.170000000000000000e+03 4.844810891719980583e-01 3.733796611691384687e-02
6.180000000000000000e+03 4.850719034160794751e-01 3.674808913561651569e-02
6.190000000000000000e+03 4.856463283487883476e-01 3.617460263657070602e-02
6.200000000000000000e+03 4.862078312920001810e-01 3.561403891072304623e-02
6.210000000000000000e+03 4.867597605490504020e-01 3.506304946555841712e-02
6.220000000000000000e+03 4.873041037519513230e-01 3.451964670690354370e-02
6.230000000000000000e+03 4.878406836778971800e-01 3.398400815510924100e-02
6.240000000000000000e+03 4.883671281312780277e-01 3.345850654223332665e-02
6.250000000000000000e+03 4.888795433870799512e-01 3.294703627712192162e-02
6.260000000000000000e+03 4.893735047596537990e-01 3.245402275658723634e-02
6.270000000000000000e+03 4.898449370590168828e-01 3.198354170913812050e-02
6.280000000000000000e+03 4.902906672382568720e-01 3.153876650203166210e-02
6.290000000000000000e+03 4.907086964192787781e-01 3.112169633827188350e-02
6.300000000000000000e+03 4.910983585881545377e-01 3.073299769055222452e-02
6.310000000000000000e+03 4.914604479616362931e-01 3.037187692476180090e-02
6.320000000000000000e+03 4.917972158098126712e-01 3.003608344149141796e-02
6.330000000000000000e+03 4.921120452565254100e-01 2.972223492728210889e-02
6.340000000000000000e+03 4.924087148719775153e-01 2.942655384331772581e-02
6.350000000000000000e+03 4.926904021546121282e-01 2.914586394433425418e-02
6.360000000000000000e+03 4.929587889740717488e-01 2.887848472720543763e-02
6.370000000000000000e+03 4.932136639268356326e-01 2.862462883206466288e-02
6.380000000000000000e+03 4.934532349793570027e-01 2.838608903853015453e-02
6.390000000000000000e+03 4.936750579952621232e-01 2.816530955163040750e-02
6.400000000000000000e+03 4.938772088454314035e-01 2.796421398704891995e-02
6.410000000000000000e+03 4.940592145552685777e-01 2.778327428476717181e-02
6.420000000000000000e+03 4.942223601540500777e-01 2.762120400929099148e-02
6.430000000000000000e+03 4.943692438454229676e-01 2.747540356053421867e-02
6.440000000000000000e+03 4.945027443098570230e-01 2.734299321127421634e-02
6.450000000000000000e+03 4.946247778591961741e-01 2.722205601108794101e-02
6.460000000000000000e+03 4.947352986259733743e-01 2.711263720084696599e-02
6.470000000000000000e+03 4.948319229356795690e-01 2.701711947222359966e-02
6.480000000000000000e+03 4.949103588404598630e-01 2.693979356005063788e-02
6.490000000000000000e+03 4.949655449837752630e-01 2.688571999585072370e-02
6.500000000000000000e+03 4.949931370964292254e-01 2.685924297457966195e-02
6.510000000000000000e+03 4.949908324906968637e-01 2.686266566836540207e-02
6.520000000000000000e+03 4.949590648708465102e-01 2.689555480813294458e-02
6.530000000000000000e+03 4.949008268559836887e-01 2.695491769275077179e-02
6.540000000000000000e+03 4.948206931716178092e-01 2.703617904997721033e-02
6.550000000000000000e+03 4.947233955537318484e-01 2.713460646242421906e-02
6.560000000000000000e+03 4.946124422936347687e-01 2.724669115818270301e-02
6.570000000000000000e+03 4.944892416401581725e-01 2.737102477044118035e-02
6.580000000000000000e+03 4.943529964869394222e-01 2.750840455679623778e-02
6.590000000000000000e+03 4.942013532370476137e-01 2.766118434814211768e-02
6.600000000000000000e+03 4.940315116345354030e-01 2.783216457309503622e-02
6.610000000000000000e+03 4.938413436247290345e-01 2.802347330567814612e-02
6.620000000000000000e+03 4.936300972289872080e-01 2.823586242131265536e-02
6.630000000000000000e+03 4.933984679686671537e-01 2.846863631063031863e-02
6.640000000000000000e+03 4.931481151247044670e-01 2.872013570167736632e-02
6.650000000000000000e+03 4.928809468209844336e-01 2.898845273851290497e-02
6.660000000000000000e+03 4.925985718430219706e-01 2.927197939319402600e-02
6.670000000000000000e+03 4.923021778371202140e-01 2.956952917185237673e-02
6.680000000000000000e+03 4.919928174461460912e-01 2.988005035021682604e-02
6.690000000000000000e+03 4.916718198421139996e-01 3.020221387062304794e-02
6.700000000000000000e+03 4.913409472613044504e-01 3.053425662392988960e-02
6.710000000000000000e+03 4.910020570054107192e-01 3.087431970041432452e-02
6.720000000000000000e+03 4.906563420538618825e-01 3.122120853415118885e-02
6.730000000000000000e+03 4.903035270718680838e-01 3.157519764285875163e-02
6.740000000000000000e+03 4.899414989133441534e-01 3.193839994911635422e-02
6.750000000000000000e+03 4.895666743262004905e-01 3.231439822386363014e-02
6.760000000000000000e+03 4.891750413184107193e-01 3.270720339723776765e-02
6.770000000000000000e+03 4.887634595683383876e-01 3.311995465237671521e-02
6.780000000000000000e+03 4.883306682238985341e-01 3.355391225930887816e-02
6.790000000000000000e+03 4.878775987283031634e-01 3.400814509249200368e-02
6.800000000000000000e+03 4.874069302954003868e-01 3.447997529468999761e-02
6.810000000000000000e+03 4.869221619213008334e-01 3.496590598714918036e-02
6.820000000000000000e+03 4.864266414602881339e-01 3.546259144001671221e-02
6.830000000000000000e+03 4.859229362187721946e-01 3.596746553950156550e-02
6.840000000000000000e+03 4.854127161288996906e-01 3.647885827805794068e-02
6.850000000000000000e+03 4.848970712947618389e-01 3.699567856321971104e-02
6.860000000000000000e+03 4.843770140498656618e-01 3.751691274740480420e-02
6.870000000000000000e+03 4.838538852052124972e-01 3.804121901506438835e-02
6.880000000000000000e+03 4.833294896736987090e-01 3.856679186659311975e-02
6.890000000000000000e+03 4.828059585746933835e-01 3.909149941237453213e-02
6.900000000000000000e+03 4.822854723472221883e-01 3.961316001277813414e-02
6.910000000000000000e+03 4.817700085350690720e-01 4.012979470966766132e-02
6.920000000000000000e+03 4.812612069765213607e-01 4.063976235595766900e-02
6.930000000000000000e+03 4.807603416723056355e-01 4.114178793741071760e-02
6.940000000000000000e+03 4.802683256340658513e-01 4.163495743341674021e-02
6.950000000000000000e+03 4.797856812211124811e-01 4.211874721450802744e-02
6.960000000000000000e+03 4.793124661894913041e-01 4.259309845081733770e-02
6.970000000000000000e+03 4.788482098520487340e-01 4.305848148390103297e-02
6.980000000000000000e+03 4.783919462488183116e-01 4.351586273098419222e-02
6.990000000000000000e+03 4.779424142689199240e-01 4.396650478515231469e-02
7.000000000000000000e+03 4.774984328891694885e-01 4.441159116285584019e-02
7.010000000000000000e+03 4.770593824376407333e-01 4.485174421240477327e-02
7.020000000000000000e+03 4.766256552603861940e-01 4.528657375541281227e-02
7.030000000000000000e+03 4.761989027823236298e-01 4.571442973712384200e-02
7.040000000000000000e+03 4.757819317702318140e-01 4.613250562503179442e-02
7.050000000000000000e+03 4.753782099063038058e-01 4.653733276391754797e-02
7.060000000000000000e+03 4.749910995464187158e-01 4.692554705688815192e-02
7.070000000000000000e+03 4.746230759159179580e-01 4.729467156475070794e-02
7.080000000000000000e+03 4.742752189200958868e-01 4.764362527629810440e-02
7.090000000000000000e+03 4.739471664242988491e-01 4.797276986419547057e-02
7.100000000000000000e+03 4.736375276737092022e-01 4.828349612702144411e-02
7.110000000000000000e+03 4.733445735221531447e-01 4.857753389038585445e-02
7.120000000000000000e+03 4.730669349725449835e-01 4.885625360997045835e-02
7.130000000000000000e+03 4.728040800551590039e-01 4.912018969179207661e-02
7.140000000000000000e+03 4.725564582431140970e-01 4.936889594761585676e-02
7.150000000000000000e+03 4.723253265898610387e-01 4.960111823696322642e-02
7.160000000000000000e+03 4.721123507589484181e-01 4.981519193778195104e-02
7.170000000000000000e+03 4.719191006212478667e-01 5.000954595748870191e-02
7.180000000000000000e+03 4.717465570598682323e-01 5.018319701891787998e-02
7.190000000000000000e+03 4.715947408781013261e-01 5.033612204461510031e-02
7.200000000000000000e+03 4.714625667422553956e-01 5.046940460556659236e-02
7.210000000000000000e+03 4.713479996512849879e-01 5.058507881484446828e-02
7.220000000000000000e+03 4.712485263427757531e-01 5.068565830258716515e-02
7.230000000000000000e+03 4.711618595791257080e-01 5.077343147687352759e-02
7.240000000000000000e+03 4.710866999694771073e-01 5.084969865022119506e-02
7.250000000000000000e+03 4.710233263096807454e-01 5.091418089276331105e-02
7.260000000000000000e+03 4.709737979922429818e-01 5.096481763777936658e-02
7.270000000000000000e+03 4.709416398201544118e-01 5.099808265003354102e-02
7.280000000000000000e+03 4.709310240825734795e-01 5.100980266634495830e-02
7.290000000000000000e+03 4.709456262661205206e-01 5.099630168922292955e-02
7.300000000000000000e+03 4.709874622179142101e-01 5.095556328184708966e-02
7.310000000000000000e+03 4.710560569757425431e-01 5.088806152769110441e-02
7.320000000000000000e+03 4.711482284604260884e-01 5.079697793641489711e-02
7.330000000000000000e+03 4.712586019249192515e-01 5.068768747047563972e-02
7.340000000000000000e+03 4.713807585157566149e-01 5.056660950962066359e-02
7.350000000000000000e+03 4.715087260400689928e-01 5.043971644126593601e-02
7.360000000000000000e+03 4.716383981349422383e-01 5.031111433225514407e-02
7.370000000000000000e+03 4.717684735054289424e-01 5.018210382893009691e-02
7.380000000000000000e+03 4.719006387780459444e-01 5.005099746719154225e-02
7.390000000000000000e+03 4.720389436960823470e-01 4.991374521262412906e-02
7.400000000000000000e+03 4.721885477240780338e-01 4.976518855521056689e-02
7.410000000000000000e+03 4.723541867900258318e-01 4.960059306624608338e-02
7.420000000000000000e+03 4.725387714930187055e-01 4.941704870275747535e-02
7.430000000000000000e+03 4.727424904766938663e-01 4.921436601502397756e-02
7.440000000000000000e+03 4.729626688955035352e-01 4.899521820830555346e-02
7.450000000000000000e+03 4.731944501145487481e-01 4.876445982867279316e-02
7.460000000000000000e+03 4.734321488633348451e-01 4.852777368353757004e-02
7.470000000000000000e+03 4.736709100972792408e-01 4.829001206663779966e-02
7.480000000000000000e+03 4.739081745064105400e-01 4.805373199995013195e-02
7.490000000000000000e+03 4.741444775071373963e-01 4.781839708182856336e-02
7.500000000000000000e+03 4.743833087779388835e-01 4.758051794785157079e-02
7.510000000000000000e+03 4.746300720399876938e-01 4.733469195330507889e-02
7.520000000000000000e+03 4.748904776987573073e-01 4.707520974255878510e-02
7.530000000000000000e+03 4.751688670974888451e-01 4.679773046437878115e-02
7.540000000000000000e+03 4.754669546110898426e-01 4.650053952231539278e-02
7.550000000000000000e+03 4.757833071999048591e-01 4.618506970526738142e-02
7.560000000000000000e+03 4.761136385931555859e-01 4.585560782050935452e-02
7.570000000000000000e+03 4.764517727956351645e-01 4.551833096609248647e-02
7.580000000000000000e+03 4.767909900777810850e-01 4.517995995171281837e-02
7.590000000000000000e+03 4.771254203917321135e-01 4.484636578903865994e-02
7.600000000000000000e+03 4.774511725465429568e-01 4.452144059963667605e-02
7.610000000000000000e+03 4.777669629438169308e-01 4.420646819926580401e-02
7.620000000000000000e+03 4.780741201563747933e-01 4.390011912163946373e-02
7.630000000000000000e+03 4.783759776653235818e-01 4.359905943849777532e-02
7.640000000000000000e+03 4.786768068215673244e-01 4.329901992279928252e-02
7.650000000000000000e+03 4.789805595398383131e-01 4.299605283777677839e-02
7.660000000000000000e+03 4.792897506319943046e-01 4.268764658294682546e-02
7.670000000000000000e+03 4.796047805497646310e-01 4.237340101666343256e-02
7.680000000000000000e+03 4.799238714667984906e-01 4.205509192600375562e-02
7.690000000000000000e+03 4.802436035853668295e-01 4.173613694350673115e-02
7.700000000000000000e+03 4.805598618972203862e-01 4.142065148167770744e-02
7.710000000000000000e+03 4.808688952331513500e-01 4.111238957651826287e-02
7.720000000000000000e+03 4.811681921939462980e-01 4.081386571933322271e-02
7.730000000000000000e+03 4.814569704113262349e-01 4.052586422853753090e-02
7.740000000000000000e+03 4.817362083272066497e-01 4.024740739270387530e-02
7.750000000000000000e+03 4.820082739979578701e-01 3.997612748239995351e-02
7.760000000000000000e+03 4.822762804223286182e-01 3.970891257704176058e-02
7.770000000000000000e+03 4.825433154442947958e-01 3.944267727201383744e-02
7.780000000000000000e+03 4.828116750451540429e-01 3.917512827963981481e-02
7.790000000000000000e+03 4.830822192822160077e-01 3.890540661772151632e-02
7.800000000000000000e+03 4.833539790451741314e-01 3.863448012199648118e-02
7.810000000000000000e+03 4.836241467017148854e-01 3.836515301480523249e-02
7.820000000000000000e+03 4.838885411622294574e-01 3.810160256278900814e-02
7.830000000000000000e+03 4.841425163342741311e-01 3.784847323795697410e-02
7.840000000000000000e+03 4.843821078306093098e-01 3.760973077664285513e-02
7.850000000000000000e+03 4.846050733015323519e-01 3.738762006492816342e-02
7.860000000000000000e+03 4.848114665340962359e-01 3.718208895238982875e-02
7.870000000000000000e+03 4.850035268213163664e-01 3.699089778171420900e-02
7.880000000000000000e+03 4.851849190149807312e-01 3.681038013039097251e-02
7.890000000000000000e+03 4.853596011672743904e-01 3.663657727144765258e-02
7.900000000000000000e+03 4.855307089969099210e-01 3.646635438777180022e-02
7.910000000000000000e+03 4.856997904649787978e-01 3.629816471203579920e-02
7.920000000000000000e+03 4.858665560062631061e-01 3.613229845054539285e-02
7.930000000000000000e+03 4.860291280877563347e-01 3.597063423558526790e-02
7.940000000000000000e+03 4.861846589058544388e-01 3.581602202604319829e-02
7.950000000000000000e+03 4.863301481034272844e-01 3.567146373067960757e-02
7.960000000000000000e+03 4.864632938615870983e-01 3.553925988134475772e-02
7.970000000000000000e+03 4.865832055155852598e-01 3.542029733867380070e-02
7.980000000000000000e+03 4.866907997643113992e-01 3.531365654562527989e-02
7.990000000000000000e+03 4.867887352165018444e-01 3.521667932808820317e-02
8.000000000000000000e+03 4.868808438291128415e-01 3.512553576577477632e-02
8.010000000000000000e+03 4.869711753942094767e-01 3.503617627740597540e-02
8.020000000000000000e+03 4.870629119701065934e-01 3.494541621139928694e-02
8.030000000000000000e+03 4.871574710861059643e-01 3.485183477800304908e-02
8.040000000000000000e+03 4.872540727832063712e-01 3.475621021602859351e-02
8.050000000000000000e+03 4.873499171973396660e-01 3.466134291636949194e-02
8.060000000000000000e+03 4.874409472612537542e-01 3.457129249056325321e-02
8.070000000000000000e+03 4.875230044808107066e-01 3.449022035252328339e-02
8.080000000000000000e+03 4.875930701857427163e-01 3.442114587181742402e-02
8.090000000000000000e+03 4.876502473005885352e-01 3.436496328068792960e-02
8.100000000000000000e+03 4.876961824281995095e-01 3.432001999821998606e-02
8.110000000000000000e+03 4.877347639075665930e-01 3.428242141161939177e-02
8.120000000000000000e+03 4.877711389607030656e-01 3.424701742173463792e-02
8.130000000000000000e+03 4.878103232156879021e-01 3.420879350779822831e-02
8.140000000000000000e+03 4.878558585136346659e-01 3.416421148066478564e-02
8.150000000000000000e+03 4.879089974637825788e-01 3.411202412556642305e-02
8.160000000000000000e+03 4.879687088028854536e-01 3.405326922539517187e-02
8.170000000000000000e+03 4.880324710826619006e-01 3.399047459757455203e-02
8.180000000000000000e+03 4.880974990806059566e-01 3.392643029516287378e-02
8.190000000000000000e+03 4.881618896785506201e-01 3.386304214519327699e-02
8.200000000000000000e+03 4.882252461235172536e-01 3.380070704974479784e-02
8.210000000000000000e+03 4.882885953639152232e-01 3.373839490462037655e-02
8.220000000000000000e+03 4.883537093726980083e-01 3.367432724728886689e-02
8.230000000000000000e+03 4.884221536099013772e-01 3.360693059085300555e-02
8.240000000000000000e+03 4.884944424355954773e-01 3.353568416322054435e-02
8.250000000000000000e+03 4.885695943091792337e-01 3.346156694743410154e-02
8.260000000000000000e+03 4.886452091395744324e-01 3.338697973372119210e-02
8.270000000000000000e+03 4.887180029321284702e-01 3.331520730024728483e-02
8.280000000000000000e+03 4.887846053722179618e-01 3.324961851897309528e-02
8.290000000000000000e+03 4.888423738283166897e-01 3.319285363243440479e-02
8.300000000000000000e+03 4.888900152382210096e-01 3.314620439688654302e-02
8.310000000000000000e+03 4.889278914195651082e-01 3.310930945297789474e-02
8.320000000000000000e+03 4.889579814436676442e-01 3.308019221768840334e-02
8.330000000000000000e+03 4.889835413640381545e-01 3.305560044332911396e-02
8.340000000000000000e+03 4.890085367747463718e-01 3.303157154412932062e-02
8.350000000000000000e+03 4.890369517655517306e-01 3.300412322511189767e-02
8.360000000000000000e+03 4.890720957407299618e-01 3.296994883416591582e-02
8.370000000000000000e+03 4.891160445839018989e-01 3.292697596500265139e-02
8.380000000000000000e+03 4.891693482278744454e-01 3.287465497581637530e-02
8.390000000000000000e+03 4.892311017675343709e-01 3.281388579393133137e-02
8.400000000000000000e+03 4.892993917323916753e-01 3.274657569820940695e-02
8.410000000000000000e+03 4.893720195045178634e-01 3.267492165226858897e-02
8.420000000000000000e+03 4.894472979742122698e-01 3.260061428988300647e-02
8.430000000000000000e+03 4.895246719722183837e-01 3.252421361050525372e-02
8.440000000000000000e+03 4.896049476965702030e-01 3.244491646484169017e-02
8.450000000000000000e+03 4.896900388166720020e-01 3.236080999016207466e-02
8.460000000000000000e+03 4.897823156099944675e-01 3.226952445113217410e-02
8.470000000000000000e+03 4.898837949364638344e-01 3.216904558250929108e-02
8.480000000000000000e+03 4.899954661715106297e-01 3.205838767006464335e-02
8.490000000000000000e+03 4.901169907593855846e-01 3.193789011600058070e-02
8.500000000000000000e+03 4.902468682590667148e-01 3.180904898833193661e-02
8.510000000000000000e+03 4.903829953885017190e-01 3.167396060569822175e-02
8.520000000000000000e+03 4.905234132192473062e-01 3.153458034114407088e-02
8.530000000000000000e+03 4.906669785811291762e-01 3.139205302215353210e-02
8.540000000000000000e+03 4.908137174301715477e-01 3.124635475057887385e-02
8.550000000000000000e+03 4.909647181599772758e-01 3.109639563039890212e-02
8.560000000000000000e+03 4.911215681819731116e-01 3.094058514746787086e-02
8.570000000000000000e+03 4.912855051435900400e-01 3.077768448737082385e-02
8.580000000000000000e+03 4.914565941703202268e-01 3.060763105291331929e-02
8.590000000000000000e+03 4.916332846496748732e-01 3.043198023399536559e-02
8.600000000000000000e+03 4.918125968696743788e-01 3.025371499116621954e-02
8.610000000000000000e+03 4.919909557572664793e-01 3.007641076144582093e-02
8.620000000000000000e+03 4.921654051825068987e-01 2.990302324920096622e-02
8.630000000000000000e+03 4.923347340306258868e-01 2.973476397640460386e-02
8.640000000000000000e+03 4.925000406702184641e-01 2.957053492246830562e-02
8.650000000000000000e+03 4.926644654334629281e-01 2.940719561178956401e-02
8.660000000000000000e+03 4.928321527309733607e-01 2.924060222888904756e-02
8.670000000000000000e+03 4.930068217901468763e-01 2.906703585272694262e-02
8.680000000000000000e+03 4.931905062497669578e-01 2.888446041715337850e-02
8.690000000000000000e+03 4.933829710164087667e-01 2.869310642028106290e-02
8.700000000000000000e+03 4.935820309909917381e-01 2.849515623626202449e-02
8.710000000000000000e+03 4.937846034390783179e-01 2.829369389881224855e-02
8.720000000000000000e+03 4.939880063746318606e-01 2.809140394386555259e-02
8.730000000000000000e+03 4.941909233842594062e-01 2.788960357065523379e-02
8.740000000000000000e+03 4.943936327112130047e-01 2.768801359850973920e-02
8.750000000000000000e+03 4.945974587470322037e-01 2.748530812515275271e-02
8.760000000000000000e+03 4.948037674463131030e-01 2.728011933735610337e-02
8.770000000000000000e+03 4.950130207667721716e-01 2.707198342984612482e-02
8.780000000000000000e+03 4.952243271249426315e-01 2.686179146125408992e-02
8.790000000000000000e+03 4.954356429866222933e-01 2.665158893665064629e-02
8.800000000000000000e+03 4.956444416667343811e-01 2.644390739562534412e-02
8.810000000000000000e+03 4.958484605613486251e-01 2.624101567041598262e-02
8.820000000000000000e+03 4.960461539131480468e-01 2.604446276544617953e-02
8.830000000000000000e+03 4.962366895624334973e-01 2.585507809649597102e-02
8.840000000000000000e+03 4.964195899504636467e-01 2.567333243751912172e-02
8.850000000000000000e+03 4.965942888335246330e-01 2.549978451463587314e-02
8.860000000000000000e+03 4.967598922462627131e-01 2.533532301098299910e-02
8.870000000000000000e+03 4.969152932228230735e-01 2.518105463501716865e-02
8.880000000000000000e+03 4.970595639811049016e-01 2.503791098849958083e-02
8.890000000000000000e+03 4.971923781709939871e-01 2.490622057235014272e-02
8.900000000000000000e+03 4.973142051621048387e-01 2.478551104973053532e-02
8.910000000000000000e+03 4.974261720235358952e-01 2.467465085316162404e-02
8.920000000000000000e+03 4.975297079182791626e-01 2.457220925809906059e-02
8.930000000000000000e+03 4.976262296812621888e-01 2.447677097533762502e-02
8.940000000000000000e+03 4.977170788721634320e-01 2.438699682800531121e-02
8.950000000000000000e+03 4.978037033024098612e-01 2.430143927382311109e-02
8.960000000000000000e+03 4.978878586263746353e-01 2.421834017514717247e-02
8.970000000000000000e+03 4.979715460931685156e-01 2.413569483055695228e-02
8.980000000000000000e+03 4.980565523996147159e-01 2.405171321401913462e-02
8.990000000000000000e+03 4.981437176141756407e-01 2.396555171368437015e-02
9.000000000000000000e+03 4.982322697101785325e-01 2.387797890506496504e-02
9.010000000000000000e+03 4.983195989007678794e-01 2.379160343178672934e-02
9.020000000000000000e+03 4.984016804415576374e-01 2.371045225032790069e-02
9.030000000000000000e+03 4.984740649348119446e-01 2.363897866440706902e-02
9.040000000000000000e+03 4.985330795935503656e-01 2.358085997261401626e-02
9.050000000000000000e+03 4.985767596496589737e-01 2.353806568812064764e-02
9.060000000000000000e+03 4.986051273530734962e-01 2.351057852572246629e-02
9.070000000000000000e+03 4.986197161880505102e-01 2.349686990759743827e-02
9.080000000000000000e+03 4.986225700919226234e-01 2.349489987513524170e-02
9.090000000000000000e+03 4.986151707897722996e-01 2.350318908663327766e-02
9.100000000000000000e+03 4.985977596060879313e-01 2.352149636174764857e-02
9.110000000000000000e+03 4.985693301635747421e-01 2.355082652561353226e-02
9.120000000000000000e+03 4.985282624821206765e-01 2.359279824376261242e-02
9.130000000000000000e+03 4.984732904749020754e-01 2.364867667725029793e-02
9.140000000000000000e+03 4.984043653917863415e-01 2.371850872591046294e-02
9.150000000000000000e+03 4.983230438660956607e-01 2.380073489486736124e-02
9.160000000000000000e+03 4.982322435304860631e-01 2.389243466088847648e-02
9.170000000000000000e+03 4.981354702087938957e-01 2.399010009811649788e-02
9.180000000000000000e+03 4.980358140964599722e-01 2.409063911078371256e-02
9.190000000000000000e+03 4.979350709236200490e-01 2.419225414406218910e-02
9.200000000000000000e+03 4.978332517816368985e-01 2.429493414943657489e-02
9.210000000000000000e+03 4.977285644048845548e-01 2.440047341155877555e-02
9.220000000000000000e+03 4.976177941121997517e-01 2.451208895311119892e-02
9.230000000000000000e+03 4.974969317648830214e-01 2.463379112554369560e-02
9.240000000000000000e+03 4.973618969157199143e-01 2.476965920772171773e-02
9.250000000000000000e+03 4.972092358540598500e-01 2.492314367078963047e-02
9.260000000000000000e+03 4.970366978548625969e-01 2.509649191617100913e-02
9.270000000000000000e+03 4.968435988088160116e-01 2.529038786486195040e-02
9.280000000000000000e+03 4.966308911154962424e-01 2.550388527743461739e-02
9.290000000000000000e+03 4.964009030770595854e-01 2.573466784081656841e-02
9.300000000000000000e+03 4.961567898311085023e-01 2.597959120970427110e-02
9.310000000000000000e+03 4.959018285658488012e-01 2.623538040506740235e-02
9.320000000000000000e+03 4.956387406327456557e-01 2.649930813371386557e-02
9.330000000000000000e+03 4.953692092315025164e-01 2.676968335537983912e-02
9.340000000000000000e+03 4.950936932357717923e-01 2.704604103872601875e-02
9.350000000000000000e+03 4.948115564458946403e-01 2.732901379103572920e-02
9.360000000000000000e+03 4.945214348775794355e-01 2.761996561856459517e-02
9.370000000000000000e+03 4.942216970072919602e-01 2.792053170978638435e-02
9.380000000000000000e+03 4.939108500691090087e-01 2.823221093246845725e-02
9.390000000000000000e+03 4.935877906616283894e-01 2.855611107561795495e-02
9.400000000000000000e+03 4.932518728588955459e-01 2.889287543662255597e-02
9.410000000000000000e+03 4.929028413043429202e-01 2.924275078278169154e-02
9.420000000000000000e+03 4.925407032746136338e-01 2.960572254860813213e-02
9.430000000000000000e+03 4.921656128021140719e-01 2.998163495001002904e-02
9.440000000000000000e+03 4.917778247302336259e-01 3.037023479354907310e-02
9.450000000000000000e+03 4.913777405630096462e-01 3.077112251039107460e-02
9.460000000000000000e+03 4.909660071036969775e-01 3.118365511351845962e-02
9.470000000000000000e+03 4.905435726410972141e-01 3.160689115230783802e-02
9.480000000000000000e+03 4.901116102086827131e-01 3.203966513430820534e-02
9.490000000000000000e+03 4.896712913636373510e-01 3.248081030408718484e-02
9.500000000000000000e+03 4.892234933112533657e-01 3.292944896910488667e-02
9.510000000000000000e+03 4.887685970488018228e-01 3.338519484385372993e-02
9.520000000000000000e+03 4.883065143646908579e-01 3.384812718993537167e-02
9.530000000000000000e+03 4.878369819925582607e-01 3.431849881018745468e-02
9.540000000000000000e+03 4.873600228343073493e-01 3.479627894103400065e-02
9.550000000000000000e+03 4.868763684125066438e-01 3.528073335665869031e-02
9.560000000000000000e+03 4.863876378394931810e-01 3.577024349411611626e-02
9.570000000000000000e+03 4.858961814085922537e-01 3.626246011420191512e-02
9.580000000000000000e+03 4.854046593915376517e-01 3.675472592020877921e-02
9.590000000000000000e+03 4.849155374291663767e-01 3.724458187463657033e-02
9.600000000000000000e+03 4.844307120923207477e-01 3.773014031045522632e-02
9.610000000000000000e+03 4.839513998879602652e-01 3.821019467212455334e-02
9.620000000000000000e+03 4.834782927485227755e-01 3.868406083395539014e-02
9.630000000000000000e+03 4.830118745988842832e-01 3.915125468969908595e-02
9.640000000000000000e+03 4.825527619774580557e-01 3.961115028041968522e-02
9.650000000000000000e+03 4.821019431305965108e-01 4.006274559638089289e-02
9.660000000000000000e+03 4.816608399003172725e-01 4.050460762794618613e-02
9.670000000000000000e+03 4.812311915084740988e-01 4.093499262484232709e-02
9.680000000000000000e+03 4.808148186087377596e-01 4.135208237717544894e-02
9.690000000000000000e+03 4.804133638296287923e-01 4.175424247616785212e-02
9.700000000000000000e+03 4.800280820631532830e-01 4.214022878055870280e-02
9.710000000000000000e+03 4.796597160913880220e-01 4.250930723739094336e-02
9.720000000000000000e+03 4.793084452868177081e-01 4.286130195523000369e-02
9.730000000000000000e+03 4.789739034072106327e-01 4.319657850056751736e-02
9.740000000000000000e+03 4.786552936108961487e-01 4.351593144068508640e-02
9.750000000000000000e+03 4.783516554471974880e-01 4.382031870137247792e-02
9.760000000000000000e+03 4.780623146399654022e-01 4.411041379128168016e-02
9.770000000000000000e+03 4.777874506411575184e-01 4.438604140443359880e-02
9.780000000000000000e+03 4.775286070439215824e-01 4.464566541543897593e-02
9.790000000000000000e+03 4.772889298949317127e-01 4.488614324577910875e-02
9.800000000000000000e+03 4.770729694352802142e-01 4.510291741659536863e-02
9.810000000000000000e+03 4.768860081043063692e-01 4.529068818746613545e-02
9.820000000000000000e+03 4.767330504620745923e-01 4.544443330681612048e-02
9.830000000000000000e+03 4.766177542048660176e-01 4.556048828755555891e-02
9.840000000000000000e+03 4.765416363182574666e-01 4.563734411282747983e-02
9.850000000000000000e+03 4.765038288865849347e-01 4.567588676975881806e-02
9.860000000000000000e+03 4.765014884477520307e-01 4.567897912534837901e-02
9.870000000000000000e+03 4.765307395197073137e-01 4.565050810617551219e-02
9.880000000000000000e+03 4.765878547841584378e-01 4.559419864920617044e-02
9.890000000000000000e+03 4.766703041075989744e-01 4.551256908543655638e-02
9.900000000000000000e+03 4.767773502475892711e-01 4.540634595462044593e-02
9.910000000000000000e+03 4.769100223674411221e-01 4.527449488670297340e-02
9.920000000000000000e+03 4.770705074332108886e-01 4.511482506861657499e-02
9.930000000000000000e+03 4.772611902465894729e-01 4.492494772214267185e-02
9.940000000000000000e+03 4.774836526860076202e-01 4.470328222052123018e-02
9.950000000000000000e+03 4.777379372461647011e-01 4.444979433551984882e-02
9.960000000000000000e+03 4.780222926298187125e-01 4.416624424311482722e-02
9.970000000000000000e+03 4.783334942455070293e-01 4.385585732289008776e-02
9.980000000000000000e+03 4.786676567351101919e-01 4.352250719474998891e-02
9.990000000000000000e+03 4.790212883231990681e-01 4.316966819885199175e-02
1.000000000000000000e+04 4.793922250991775047e-01 4.279949599630226281e-02
