0.000000000000000000e+00 4.237683565525596913e-02 4.381182493414187973e-01
1.000000000000000000e+01 4.380357881512146612e-02 4.367134059808219226e-01
2.000000000000000000e+01 4.790287729290602925e-02 4.326142968875515415e-01
3.000000000000000000e+01 5.417783396939620383e-02 4.263395398958580440e-01
4.000000000000000000e+01 6.188881514419013880e-02 4.186289178648663900e-01
5.000000000000000000e+01 7.016204175284310174e-02 4.103557948659751209e-01
6.000000000000000000e+01 7.811645713758855192e-02 4.024013432609184204e-01
7.000000000000000000e+01 8.498233059759230379e-02 3.955354790382061281e-01
8.000000000000000000e+01 9.019328407023384508e-02 3.903244994308027183e-01
9.000000000000000000e+01 9.344055409173543381e-02 3.870771816442546975e-01
1.000000000000000000e+02 9.468368194965895435e-02 3.858339844606444857e-01
1.100000000000000000e+02 9.412148011445313489e-02 3.863961470248598595e-01
1.200000000000000000e+02 9.213325413260967101e-02 3.883843349831429537e-01
1.300000000000000000e+02 8.920362867395312256e-02 3.913139098915086600e-01
1.400000000000000000e+02 8.584532762589754118e-02 3.946722040653714014e-01
1.500000000000000000e+02 8.253149213531650596e-02 3.979860575615262741e-01
1.600000000000000000e+02 7.964611472385492441e-02 4.008714360631654428e-01
1.700000000000000000e+02 7.745603459994281070e-02 4.030615027325294419e-01
1.800000000000000000e+02 7.610385521670422204e-02 4.044136594026266907e-01
1.900000000000000000e+02 7.561857899896801127e-02 4.048989252475812539e-01
2.000000000000000000e+02 7.593763373828076035e-02 4.045798463275218637e-01
2.100000000000000000e+02 7.693517002706455610e-02 4.035822851612508866e-01
2.200000000000000000e+02 7.845088218735773999e-02 4.020665167205216828e-01
2.300000000000000000e+02 8.031545827197317244e-02 4.002018575538246470e-01
2.400000000000000000e+02 8.237030876191998863e-02 3.981468759253187217e-01
2.500000000000000000e+02 8.448094111649702420e-02 3.960360849663767113e-01
2.600000000000000000e+02 8.654410925956632084e-02 3.939727199118174816e-01
2.700000000000000000e+02 8.848995727407334144e-02 3.920266429822152898e-01
2.800000000000000000e+02 9.028038872803662018e-02 3.902359666001651295e-01
2.900000000000000000e+02 9.190518257326245333e-02 3.886109312782869418e-01
3.000000000000000000e+02 9.337682906835018115e-02 3.871390423516760104e-01
3.100000000000000000e+02 9.472493105183370232e-02 3.857906786245778319e-01
3.200000000000000000e+02 9.599064853826087818e-02 3.845247020362485557e-01
3.300000000000000000e+02 9.722142558833622716e-02 3.832936689423442345e-01
3.400000000000000000e+02 9.846629607106684168e-02 3.820485449555302004e-01
3.500000000000000000e+02 9.977161063043291089e-02 3.807429590243331385e-01
3.600000000000000000e+02 1.011775254473311764e-01 3.793367504619831188e-01
3.700000000000000000e+02 1.027152439671328299e-01 3.777987266116002996e-01
3.800000000000000000e+02 1.044050874931495010e-01 3.761085628754370913e-01
3.900000000000000000e+02 1.062556273730966422e-01 3.742576871418150097e-01
4.000000000000000000e+02 1.082638432038950799e-01 3.722491074303752590e-01
4.100000000000000000e+02 1.104163232072783024e-01 3.700962343323325188e-01
4.200000000000000000e+02 1.126914052447707676e-01 3.678207311985428607e-01
4.300000000000000000e+02 1.150619454145680454e-01 3.654497450722875018e-01
4.400000000000000000e+02 1.174984676683830387e-01 3.630127738561257922e-01
4.500000000000000000e+02 1.199723320649101477e-01 3.605384775532869401e-01
4.600000000000000000e+02 1.224585700585991699e-01 3.580518368298484799e-01
4.700000000000000000e+02 1.249380237918732844e-01 3.555719926079966564e-01
4.800000000000000000e+02 1.273987282952437350e-01 3.531108946451392283e-01
4.900000000000000000e+02 1.298363045933527415e-01 3.506729206523003239e-01
5.000000000000000000e+02 1.322533755603357841e-01 3.482554748440213621e-01
5.100000000000000000e+02 1.346581131311144486e-01 3.458503911979353695e-01
5.200000000000000000e+02 1.370622986391377696e-01 3.434458710780905477e-01
5.300000000000000000e+02 1.394792163492339088e-01 3.410286172105490565e-01
5.400000000000000000e+02 1.419215738858654319e-01 3.385859174229146618e-01
5.500000000000000000e+02 1.443998083053709136e-01 3.361073373200076930e-01
5.600000000000000000e+02 1.469209697403597581e-01 3.335858439543637477e-01
5.700000000000000000e+02 1.494882422468071237e-01 3.310182527487062210e-01
5.800000000000000000e+02 1.521011111838695140e-01 3.284050643191159247e-01
5.900000000000000000e+02 1.547560837265082034e-01 3.257497607709500809e-01
6.000000000000000000e+02 1.574477409656774296e-01 3.230577581847214330e-01
6.100000000000000000e+02 1.601699213294449919e-01 3.203352340433269774e-01
6.200000000000000000e+02 1.629168206659106222e-01 3.175880216114246868e-01
6.300000000000000000e+02 1.656838139948520749e-01 3.148207434817291706e-01
6.400000000000000000e+02 1.684679787258340500e-01 3.120362967453821912e-01
6.500000000000000000e+02 1.712682607161690185e-01 3.092357163632291073e-01
6.600000000000000000e+02 1.740852504340611728e-01 3.064184149467795160e-01
6.700000000000000000e+02 1.769206816353791900e-01 3.035826705594305008e-01
6.800000000000000000e+02 1.797768244255371073e-01 3.007262105896003623e-01
6.900000000000000000e+02 1.826558861335405293e-01 2.978468154540089285e-01
7.000000000000000000e+02 1.855595125631490927e-01 2.949428392349940364e-01
7.100000000000000000e+02 1.884884164955950847e-01 2.920135757532971166e-01
7.200000000000000000e+02 1.914421436314933667e-01 2.890594927647985868e-01
7.300000000000000000e+02 1.944189582436364194e-01 2.860823347650593429e-01
7.400000000000000000e+02 1.974158971979476374e-01 2.830850711183511281e-01
7.500000000000000000e+02 2.004289176015599250e-01 2.800717436682580996e-01
7.600000000000000000e+02 2.034530702117084699e-01 2.770472899183236137e-01
7.700000000000000000e+02 2.064827208153464100e-01 2.740173352693143216e-01
7.800000000000000000e+02 2.095117983459850175e-01 2.709879534653212296e-01
7.900000000000000000e+02 2.125339817807261056e-01 2.679654682759035067e-01
8.000000000000000000e+02 2.155428270323575812e-01 2.649563247175587555e-01
8.100000000000000000e+02 2.185318690838682909e-01 2.619669917395359704e-01
8.200000000000000000e+02 2.214947015862689106e-01 2.590038723050150926e-01
8.300000000000000000e+02 2.244250493667823698e-01 2.560732346497750500e-01
8.400000000000000000e+02 2.273168436231666201e-01 2.531811437889411320e-01
8.500000000000000000e+02 2.301642918063959153e-01 2.503333815311685751e-01
8.600000000000000000e+02 2.329619659272247623e-01 2.475353703977143383e-01
8.700000000000000000e+02 2.357049122792353457e-01 2.447920803866582284e-01
8.800000000000000000e+02 2.383887704541772790e-01 2.421078988732460191e-01
8.900000000000000000e+02 2.410098867032365311e-01 2.394864871722130473e-01
9.000000000000000000e+02 2.435654435302978815e-01 2.369306441497912308e-01
9.100000000000000000e+02 2.460536217541769155e-01 2.344421656113276353e-01
9.200000000000000000e+02 2.484737391735839240e-01 2.320217330185410654e-01
9.300000000000000000e+02 2.508263033431443745e-01 2.296688547919699952e-01
9.400000000000000000e+02 2.531129900334010974e-01 2.273818649567937167e-01
9.500000000000000000e+02 2.553365663211366043e-01 2.251580004336369012e-01
9.600000000000000000e+02 2.575007566855598284e-01 2.229935348015383012e-01
9.700000000000000000e+02 2.596100538220432741e-01 2.208839679170988557e-01
9.800000000000000000e+02 2.616694824624183902e-01 2.188242623981914992e-01
9.900000000000000000e+02 2.636843432921641139e-01 2.168091103598983604e-01
1.000000000000000000e+03 2.656599519303758372e-01 2.148331950533075574e-01
1.010000000000000000e+03 2.676013899848481703e-01 2.128914358156554221e-01
1.020000000000000000e+03 2.695133185189113045e-01 2.109791727088905222e-01
1.030000000000000000e+03 2.713998499404545184e-01 2.090922917528833802e-01
1.040000000000000000e+03 2.732645107763886916e-01 2.072272688896636128e-01
1.050000000000000000e+03 2.751102867631004534e-01 2.053811201263650577e-01
1.060000000000000000e+03 2.769397454099437050e-01 2.035512762782853147e-01
1.070000000000000000e+03 2.787551916545068509e-01 2.017354323850207298e-01
1.080000000000000000e+03 2.805588016653689509e-01 1.999314135952999505e-01
1.090000000000000000e+03 2.823527032342445509e-01 1.981370969294063977e-01
1.100000000000000000e+03 2.841389695954610328e-01 1.963504146771916647e-01
1.110000000000000000e+03 2.859195434704643324e-01 1.945694261329869446e-01
1.120000000000000000e+03 2.876961367216543386e-01 1.927924158382870456e-01
1.130000000000000000e+03 2.894701658600514760e-01 1.910179681316068190e-01
1.140000000000000000e+03 2.912427491192706164e-01 1.892449683764787782e-01
1.150000000000000000e+03 2.930147711724146453e-01 1.874725401547756298e-01
1.160000000000000000e+03 2.947869757850151151e-01 1.856999413497119611e-01
1.170000000000000000e+03 2.965600401010777820e-01 1.839264846392201225e-01
1.180000000000000000e+03 2.983345969209639237e-01 1.821515327671913709e-01
1.190000000000000000e+03 3.001111569975599136e-01 1.803745839684212926e-01
1.200000000000000000e+03 3.018899672252026711e-01 1.785954010470728048e-01
1.210000000000000000e+03 3.036709006107465858e-01 1.768141046534728866e-01
1.220000000000000000e+03 3.054534697563170420e-01 1.750311707666691863e-01
1.230000000000000000e+03 3.072369269913604040e-01 1.732473426420174378e-01
1.240000000000000000e+03 3.090203921540446985e-01 1.714634937241186763e-01
1.250000000000000000e+03 3.108029694423073974e-01 1.696805081264291803e-01
1.260000000000000000e+03 3.125838103164607640e-01 1.678992310612396899e-01
1.270000000000000000e+03 3.143620882685880247e-01 1.661205015366463422e-01
1.280000000000000000e+03 3.161369081968201655e-01 1.643452381544061314e-01
1.290000000000000000e+03 3.179072012474365438e-01 1.625745316148827224e-01
1.300000000000000000e+03 3.196716568003823422e-01 1.608097005303385230e-01
1.310000000000000000e+03 3.214287492485923825e-01 1.590522646436359766e-01
1.320000000000000000e+03 3.231768463449525286e-01 1.573038373917182986e-01
1.330000000000000000e+03 3.249143965262781819e-01 1.555659495261741687e-01
1.340000000000000000e+03 3.266401349935222354e-01 1.538398537328538318e-01
1.350000000000000000e+03 3.283532259829098354e-01 1.521263843645189739e-01
1.360000000000000000e+03 3.300532974083714155e-01 1.504259200212830494e-01
1.370000000000000000e+03 3.317403493360163158e-01 1.487384705646553618e-01
1.380000000000000000e+03 3.334145479912189458e-01 1.470638757783967188e-01
1.390000000000000000e+03 3.350759695162943141e-01 1.454020579311376959e-01
1.400000000000000000e+03 3.367243835182757716e-01 1.437532408813114448e-01
1.410000000000000000e+03 3.383591711391225054e-01 1.421180335624470659e-01
1.420000000000000000e+03 3.399794131937969865e-01 1.404973478783019813e-01
1.430000000000000000e+03 3.415840917821315048e-01 1.388922087108140913e-01
1.440000000000000000e+03 3.431722866092836166e-01 1.373035562365091666e-01
1.450000000000000000e+03 3.447432717506497823e-01 1.357321328288094431e-01
1.460000000000000000e+03 3.462964848116020788e-01 1.341785043019059209e-01
1.470000000000000000e+03 3.478314093186011813e-01 1.326431824297505668e-01
1.480000000000000000e+03 3.493474530929894795e-01 1.311267515056959709e-01
1.490000000000000000e+03 3.508439216761653490e-01 1.296298945984827033e-01
1.500000000000000000e+03 3.523201325667736361e-01 1.281532896798622534e-01
1.510000000000000000e+03 3.537756044693128321e-01 1.266974252791133182e-01
1.520000000000000000e+03 3.552102165002816725e-01 1.252624280268343770e-01
1.530000000000000000e+03 3.566242489863520326e-01 1.238480145914493818e-01
1.540000000000000000e+03 3.580182518991942286e-01 1.224536295565508554e-01
1.550000000000000000e+03 3.593927428944531099e-01 1.210787530010588586e-01
1.560000000000000000e+03 3.607478207093929856e-01 1.197232866152270758e-01
1.570000000000000000e+03 3.620828083295384858e-01 1.183879107014878113e-01
1.580000000000000000e+03 3.633960403343791112e-01 1.170742943608987507e-01
1.590000000000000000e+03 3.646848923483794191e-01 1.157850646148383816e-01
1.600000000000000000e+03 3.659460682856363056e-01 1.145235157281895289e-01
1.610000000000000000e+03 3.671760902784228509e-01 1.132931171599521197e-01
1.620000000000000000e+03 3.683718826702278015e-01 1.120969344787601796e-01
1.630000000000000000e+03 3.695312817310901221e-01 1.109371252497566851e-01
1.640000000000000000e+03 3.706533026776818174e-01 1.098146767318244760e-01
1.650000000000000000e+03 3.717380819875487630e-01 1.087294623268996729e-01
1.660000000000000000e+03 3.727865497116367166e-01 1.076805627973526913e-01
1.670000000000000000e+03 3.737999777857192174e-01 1.066667109956238035e-01
1.680000000000000000e+03 3.747795917589208381e-01 1.056866752915957552e-01
1.690000000000000000e+03 3.757263835582054234e-01 1.047394567595592296e-01
1.700000000000000000e+03 3.766411274714933644e-01 1.038242814143436471e-01
1.710000000000000000e+03 3.775244588213475527e-01 1.029405184410564639e-01
1.720000000000000000e+03 3.783768929349234367e-01 1.020876586623760685e-01
1.730000000000000000e+03 3.791987430536250536e-01 1.012653922055653799e-01
1.740000000000000000e+03 3.799900179364529840e-01 1.004737110279522866e-01
1.750000000000000000e+03 3.807504202651654790e-01 9.971291032852398761e-02
1.760000000000000000e+03 3.814795353632111641e-01 9.898339973499284405e-02
1.770000000000000000e+03 3.821771532062746002e-01 9.828538332144676204e-02
1.780000000000000000e+03 3.828435414120799352e-01 9.761859183570283094e-02
1.790000000000000000e+03 3.834794912164025127e-01 9.698223902352209880e-02
1.800000000000000000e+03 3.840860752119679700e-01 9.637526022728623576e-02
1.810000000000000000e+03 3.846642318527281890e-01 9.579672670578676108e-02
1.820000000000000000e+03 3.852143836023895207e-01 9.524622143362453108e-02
1.830000000000000000e+03 3.857363150315433198e-01 9.472395655359855393e-02
1.840000000000000000e+03 3.862294240151077918e-01 9.423052574487182642e-02
1.850000000000000000e+03 3.866932498189779022e-01 9.376637936895136638e-02
1.860000000000000000e+03 3.871280132279297792e-01 9.333128401390675122e-02
1.870000000000000000e+03 3.875348975167168808e-01 9.292404511971086301e-02
1.880000000000000000e+03 3.879159293963038713e-01 9.254263697272525901e-02
1.890000000000000000e+03 3.882735206446462084e-01 9.218465831221044071e-02
1.900000000000000000e+03 3.886099412426247679e-01 9.184785321663978264e-02
1.910000000000000000e+03 3.889270205406870629e-01 9.153040452817434725e-02
1.920000000000000000e+03 3.892262132451562162e-01 9.123086160963370106e-02
1.930000000000000000e+03 3.895088952049929332e-01 9.094784530178624815e-02
1.940000000000000000e+03 3.897765777475253324e-01 9.067984428945349840e-02
1.950000000000000000e+03 3.900307953629706392e-01 9.042532957420555684e-02
1.960000000000000000e+03 3.902726821478977315e-01 9.018317039564911763e-02
1.970000000000000000e+03 3.905025110156468693e-01 8.995308842749780154e-02
1.980000000000000000e+03 3.907195468742067357e-01 8.973580758540172786e-02
1.990000000000000000e+03 3.909224026043777722e-01 8.953270375773150769e-02
2.000000000000000000e+03 3.911097747349942533e-01 8.934507559205161209e-02
2.010000000000000000e+03 3.912812082217433374e-01 8.917338127674415138e-02
2.020000000000000000e+03 3.914375084633405777e-01 8.901682553509138174e-02
2.030000000000000000e+03 3.915806321357085396e-01 8.887345949581620941e-02
2.040000000000000000e+03 3.917132032210807746e-01 8.874065828828517355e-02
2.050000000000000000e+03 3.918379847869350452e-01 8.861565414104445593e-02
2.060000000000000000e+03 3.919575564262635092e-01 8.849586416528404387e-02
2.070000000000000000e+03 3.920742397417236180e-01 8.837896566367253737e-02
2.080000000000000000e+03 3.921901369679006155e-01 8.826285083653971630e-02
2.090000000000000000e+03 3.923071146458970149e-01 8.814564415655290475e-02
2.100000000000000000e+03 3.924266967075613066e-01 8.802581967477754454e-02
2.110000000000000000e+03 3.925500070806300368e-01 8.790226644458716543e-02
2.120000000000000000e+03 3.926779204623943587e-01 8.777413114400994809e-02
2.130000000000000000e+03 3.928113905531183669e-01 8.764046977599543320e-02
2.140000000000000000e+03 3.929517641825543972e-01 8.749993028486557911e-02
2.150000000000000000e+03 3.931008223181714500e-01 8.735071740994826417e-02
2.160000000000000000e+03 3.932604406236336891e-01 8.719094442105576603e-02
2.170000000000000000e+03 3.934320115451072075e-01 8.701921785562830025e-02
2.180000000000000000e+03 3.936159870832071639e-01 8.683508918542097443e-02
2.190000000000000000e+03 3.938118854415538772e-01 8.663904413870690546e-02
2.200000000000000000e+03 3.940188188778498968e-01 8.643197201745880798e-02
2.210000000000000000e+03 3.942362828171112055e-01 8.621437755971511629e-02
2.220000000000000000e+03 3.944647860877947276e-01 8.598575419214746218e-02
2.230000000000000000e+03 3.947059262449776895e-01 8.574450660471097385e-02
2.240000000000000000e+03 3.949617644571793429e-01 8.548857282876745622e-02
2.250000000000000000e+03 3.952337597968689220e-01 8.521648920594022958e-02
2.260000000000000000e+03 3.955218634072811268e-01 8.492830397205688997e-02
2.270000000000000000e+03 3.958243296744857753e-01 8.462576718423377165e-02
2.280000000000000000e+03 3.961383990271803990e-01 8.431164312647786152e-02
2.290000000000000000e+03 3.964615138822183971e-01 8.398849225461058055e-02
2.300000000000000000e+03 3.967924138224390718e-01 8.365757781267117721e-02
2.310000000000000000e+03 3.971314595373968692e-01 8.331853835841596112e-02
2.320000000000000000e+03 3.974799984209462234e-01 8.297001842437606856e-02
2.330000000000000000e+03 3.978392224724637827e-01 8.261081524911995100e-02
2.340000000000000000e+03 3.982092091786782473e-01 8.224085403736908217e-02
2.350000000000000000e+03 3.985886451258776053e-01 8.186146025554055794e-02
2.360000000000000000e+03 3.989752743171456340e-01 8.147489550305579697e-02
2.370000000000000000e+03 3.993667135385837730e-01 8.108353714808107238e-02
2.380000000000000000e+03 3.997611145377078512e-01 8.068921890205753289e-02
2.390000000000000000e+03 4.001572975632223250e-01 8.029310727832565664e-02
2.400000000000000000e+03 4.005543691774469672e-01 7.989609120277139931e-02
2.410000000000000000e+03 4.009511306177869772e-01 7.949937178759425294e-02
2.420000000000000000e+03 4.013456603952712531e-01 7.910487625932181854e-02
2.430000000000000000e+03 4.017353295672027036e-01 7.871524328582409080e-02
2.440000000000000000e+03 4.021172546760377609e-01 7.833336958655756632e-02
2.450000000000000000e+03 4.024889545779496980e-01 7.796174916372659858e-02
2.460000000000000000e+03 4.028488517665288482e-01 7.760196452630353792e-02
2.470000000000000000e+03 4.031963315951353488e-01 7.725461972468776473e-02
2.480000000000000000e+03 4.035313202523496123e-01 7.691977218299185515e-02
2.490000000000000000e+03 4.038535685007079157e-01 7.659766336419786270e-02
2.500000000000000000e+03 4.041619911037652724e-01 7.628938316413835796e-02
2.510000000000000000e+03 4.044543782116087338e-01 7.599715172136919938e-02
2.520000000000000000e+03 4.047276031325586221e-01 7.572410411493590843e-02
2.530000000000000000e+03 4.049782227638989984e-01 7.547368951226825218e-02
2.540000000000000000e+03 4.052031938599937044e-01 7.524895188479399644e-02
2.550000000000000000e+03 4.054004292852746993e-01 7.505197341570143954e-02
2.560000000000000000e+03 4.055689960764704560e-01 7.488368176845601465e-02
2.570000000000000000e+03 4.057088628409595277e-01 7.474410417798772743e-02
2.580000000000000000e+03 4.058202608984289861e-01 7.463300600206426716e-02
2.590000000000000000e+03 4.059028624316510792e-01 7.455071032027206501e-02
2.600000000000000000e+03 4.059550780306815931e-01 7.449880015088446161e-02
2.610000000000000000e+03 4.059737828120730807e-01 7.448039527400013293e-02
2.620000000000000000e+03 4.059546278069825487e-01 7.449984634802424288e-02
2.630000000000000000e+03 4.058928501481895434e-01 7.456192202612134390e-02
2.640000000000000000e+03 4.057842801096390728e-01 7.467079435382062425e-02
2.650000000000000000e+03 4.056261804214485456e-01 7.482920275066114180e-02
2.660000000000000000e+03 4.054176557364573275e-01 7.503804695131610636e-02
2.670000000000000000e+03 4.051595769358452004e-01 7.529645826785215379e-02
2.680000000000000000e+03 4.048541405165055340e-01 7.560223824962603034e-02
2.690000000000000000e+03 4.045042145815448409e-01 7.595251660728635779e-02
2.700000000000000000e+03 4.041125861746954206e-01 7.634450771249071122e-02
2.710000000000000000e+03 4.036812365241288503e-01 7.677623311611163348e-02
2.720000000000000000e+03 4.032108409538239790e-01 7.724701700459739306e-02
2.730000000000000000e+03 4.027007138265991104e-01 7.775754020529740407e-02
2.740000000000000000e+03 4.021493010082183295e-01 7.830935115156766047e-02
2.750000000000000000e+03 4.015550862873638049e-01 7.890396561915478946e-02
2.760000000000000000e+03 4.009175534170967836e-01 7.954190675047366488e-02
2.770000000000000000e+03 4.002377842489644455e-01 8.022210082057686098e-02
2.780000000000000000e+03 3.995184451509804502e-01 8.094188519617664945e-02
2.790000000000000000e+03 3.987632178755861068e-01 8.169757750265022045e-02
2.800000000000000000e+03 3.979759829115999126e-01 8.248529597318299267e-02
2.810000000000000000e+03 3.971601276701572925e-01 8.330165429759796292e-02
2.820000000000000000e+03 3.963182247161107230e-01 8.414407898414152931e-02
2.830000000000000000e+03 3.954521129962019765e-01 8.501072353789572433e-02
2.840000000000000000e+03 3.945632286995677251e-01 8.590013832875954825e-02
2.850000000000000000e+03 3.936529631205475388e-01 8.681091923784400866e-02
2.860000000000000000e+03 3.927228815160400677e-01 8.774149401627548417e-02
2.870000000000000000e+03 3.917747543287051215e-01 8.869009328089708100e-02
2.880000000000000000e+03 3.908104389254687949e-01 8.965486824866575333e-02
2.890000000000000000e+03 3.898316806071012719e-01 9.063408732207746399e-02
2.900000000000000000e+03 3.888399315170496529e-01 9.162631239274059147e-02
2.910000000000000000e+03 3.878362819776080550e-01 9.263046213483548674e-02
2.920000000000000000e+03 3.868215599471196975e-01 9.364570993240892149e-02
2.930000000000000000e+03 3.857965852396613160e-01 9.467123213289363459e-02
2.940000000000000000e+03 3.847624807459966711e-01 9.570590015173149889e-02
2.950000000000000000e+03 3.837209013852452832e-01 9.674805142370954125e-02
2.960000000000000000e+03 3.826740805413457180e-01 9.779544139147344772e-02
2.970000000000000000e+03 3.816246955716102174e-01 9.884538270943697691e-02
2.980000000000000000e+03 3.805756446548876348e-01 9.989497754653836603e-02
2.990000000000000000e+03 3.795298517147814299e-01 1.009413139435897805e-01
3.000000000000000000e+03 3.784901737297824420e-01 1.019815485285134743e-01
3.010000000000000000e+03 3.774594105289587054e-01 1.030128871010487085e-01
3.020000000000000000e+03 3.764403567466932943e-01 1.040325325902816955e-01
3.030000000000000000e+03 3.754358221569183418e-01 1.050376712777573857e-01
3.040000000000000000e+03 3.744485982719738537e-01 1.060255111156500618e-01
3.050000000000000000e+03 3.734814150067008454e-01 1.069933225569732471e-01
3.060000000000000000e+03 3.725369475639694339e-01 1.079384262255585342e-01
3.070000000000000000e+03 3.716178875856402386e-01 1.088581219523552801e-01
3.080000000000000000e+03 3.707270249089698599e-01 1.097496119131341069e-01
3.090000000000000000e+03 3.698672655985638658e-01 1.106099875583631126e-01
3.100000000000000000e+03 3.690415579366322918e-01 1.114363058814288598e-01
3.110000000000000000e+03 3.682527796008892018e-01 1.122256960806518183e-01
3.120000000000000000e+03 3.675037016258166922e-01 1.129753896243551187e-01
3.130000000000000000e+03 3.667971031349492317e-01 1.136826093990012665e-01
3.140000000000000000e+03 3.661359811347930648e-01 1.143443623067902926e-01
3.150000000000000000e+03 3.655237084880313958e-01 1.149572760260108018e-01
3.160000000000000000e+03 3.649640046084460798e-01 1.155176267668079348e-01
3.170000000000000000e+03 3.644606669179045189e-01 1.160216113270801097e-01
3.180000000000000000e+03 3.640171349434503378e-01 1.164657845719444251e-01
3.190000000000000000e+03 3.636360620640438079e-01 1.168474879342520367e-01
3.200000000000000000e+03 3.633190773440654331e-01 1.171650894190738590e-01
3.210000000000000000e+03 3.630668382123802274e-01 1.174179326198898921e-01
3.220000000000000000e+03 3.628793685634580934e-01 1.176059988618200214e-01
3.230000000000000000e+03 3.627565845671407163e-01 1.177293782813537970e-01
3.240000000000000000e+03 3.626988589673716956e-01 1.177877015411222250e-01
3.250000000000000000e+03 3.627074542818686242e-01 1.177797062347341606e-01
3.260000000000000000e+03 3.627846638782368793e-01 1.177030976182865951e-01
3.270000000000000000e+03 3.629335637896450306e-01 1.175547988253860809e-01
3.280000000000000000e+03 3.631573963737822486e-01 1.173315678647729454e-01
3.290000000000000000e+03 3.634587464503629683e-01 1.170308206180590838e-01
3.300000000000000000e+03 3.638387699313896939e-01 1.166514007723088581e-01
3.310000000000000000e+03 3.642967425200114850e-01 1.161940292302306998e-01
3.320000000000000000e+03 3.648301084205834988e-01 1.156612543482421485e-01
3.330000000000000000e+03 3.654350601068398485e-01 1.150568772154779706e-01
3.340000000000000000e+03 3.661075003941063333e-01 1.143849963835833761e-01
3.350000000000000000e+03 3.668440911505272406e-01 1.136489579300260788e-01
3.360000000000000000e+03 3.676430452021542949e-01 1.128505571228582693e-01
3.370000000000000000e+03 3.685043794293520469e-01 1.119897806232025284e-01
3.380000000000000000e+03 3.694295147831564985e-01 1.110652052449176419e-01
3.390000000000000000e+03 3.704203389385622436e-01 1.100749382480337851e-01
3.400000000000000000e+03 3.714780324102631148e-01 1.090177969167236832e-01
3.410000000000000000e+03 3.726020165610942070e-01 1.078943636300076642e-01
3.420000000000000000e+03 3.737893154689518882e-01 1.067076208468131920e-01
3.430000000000000000e+03 3.750344969943413820e-01 1.054630062409739610e-01
3.440000000000000000e+03 3.763302139155604298e-01 1.041678690670111429e-01
3.450000000000000000e+03 3.776682400139215745e-01 1.028304339281486540e-01
3.460000000000000000e+03 3.790407740940170966e-01 1.014584996928680621e-01
3.470000000000000000e+03 3.804416620090326218e-01 1.000582173562314797e-01
3.480000000000000000e+03 3.818671390337374238e-01 9.863334420398525704e-02
3.490000000000000000e+03 3.833157921749488772e-01 9.718528311463466018e-02
3.500000000000000000e+03 3.847876882776409824e-01 9.571396104837689989e-02
3.510000000000000000e+03 3.862829491373149793e-01 9.421925659537876141e-02
3.520000000000000000e+03 3.878003291659658514e-01 9.270241916692238682e-02
3.530000000000000000e+03 3.893363867042932691e-01 9.116689561469630554e-02
3.540000000000000000e+03 3.908855707394466861e-01 8.961824540931581651e-02
3.550000000000000000e+03 3.924410999210596329e-01 8.806325995418526342e-02
3.560000000000000000e+03 3.939961526969811278e-01 8.650876476637203716e-02
3.570000000000000000e+03 3.955448061769376022e-01 8.496067834141750319e-02
3.580000000000000000e+03 3.970823537519246882e-01 8.342370066365059622e-02
3.590000000000000000e+03 3.986049753351285641e-01 8.190164922518544666e-02
3.600000000000000000e+03 4.001090477391326394e-01 8.039814943010840931e-02
3.610000000000000000e+03 4.015905241960897598e-01 7.891725111752610766e-02
3.620000000000000000e+03 4.030447525113808882e-01 7.746360764537524313e-02
3.630000000000000000e+03 4.044668827133633959e-01 7.604206857333943581e-02
3.640000000000000000e+03 4.058527267182315823e-01 7.465682086941860529e-02
3.650000000000000000e+03 4.071996793702079565e-01 7.331046799525896274e-02
3.660000000000000000e+03 4.085072073856047536e-01 7.200354053273506916e-02
3.670000000000000000e+03 4.097765587066933279e-01 7.073478669225244375e-02
3.680000000000000000e+03 4.110097215171391039e-01 6.950221762466460285e-02
3.690000000000000000e+03 4.122080740171265578e-01 6.830445832960449493e-02
3.700000000000000000e+03 4.133713949635710594e-01 6.714173195258614502e-02
3.710000000000000000e+03 4.144977736730049989e-01 6.601594903452517871e-02
3.720000000000000000e+03 4.155844809240082927e-01 6.492983759937463739e-02
3.730000000000000000e+03 4.166293330280748108e-01 6.388557896335642083e-02
3.740000000000000000e+03 4.176318160022227666e-01 6.288368630439225559e-02
3.750000000000000000e+03 4.185933874512590136e-01 6.192270531783524573e-02
3.760000000000000000e+03 4.195168515877018556e-01 6.099983706404085715e-02
3.770000000000000000e+03 4.204052074719369370e-01 6.011208468837104385e-02
3.780000000000000000e+03 4.212606001872511441e-01 5.925729999607107917e-02
3.790000000000000000e+03 4.220838456945429917e-01 5.843466132463807916e-02
3.800000000000000000e+03 4.228745950723172276e-01 5.764451382787159212e-02
3.810000000000000000e+03 4.236318462226759118e-01 5.688785907798657449e-02
3.820000000000000000e+03 4.243544307059980425e-01 5.616586490698683570e-02
3.830000000000000000e+03 4.250413032244699796e-01 5.547957477909905288e-02
3.840000000000000000e+03 4.256917176226194810e-01 5.482973535543206323e-02
3.850000000000000000e+03 4.263054572683383503e-01 5.421656718279779102e-02
3.860000000000000000e+03 4.268831483714127795e-01 5.363944840290787996e-02
3.870000000000000000e+03 4.274264471469960136e-01 5.309672445030459709e-02
3.880000000000000000e+03 4.279377906353556971e-01 5.258595663320465852e-02
3.890000000000000000e+03 4.284195905353798128e-01 5.210473008650862853e-02
3.900000000000000000e+03 4.288731512987978278e-01 5.165173667490339376e-02
3.910000000000000000e+03 4.292979383583211961e-01 5.122750719151484416e-02
3.920000000000000000e+03 4.296918111731600765e-01 5.083418101232833192e-02
3.930000000000000000e+03 4.300523592660479011e-01 5.047416998742185884e-02
3.940000000000000000e+03 4.303787808940178761e-01 5.014827643981704247e-02
3.950000000000000000e+03 4.306732667528493930e-01 4.985430945629307220e-02
3.960000000000000000e+03 4.309409597081515497e-01 4.958712723016421575e-02
3.970000000000000000e+03 4.311882830749416140e-01 4.934030815881783327e-02
3.980000000000000000e+03 4.314203661250725630e-01 4.910872417033265019e-02
3.990000000000000000e+03 4.316388693815465527e-01 4.889071505114423594e-02
4.000000000000000000e+03 4.318413749345527686e-01 4.868869848361637165e-02
4.010000000000000000e+03 4.320227311126444425e-01 4.850782640218615632e-02
4.020000000000000000e+03 4.321777593468821288e-01 4.835327696149217813e-02
4.030000000000000000e+03 4.323040573127671093e-01 4.822745111980256821e-02
4.040000000000000000e+03 4.324035564905385209e-01 4.812841728596251034e-02
4.050000000000000000e+03 4.324820620491144352e-01 4.805037182536874701e-02
4.060000000000000000e+03 4.325470155820702045e-01 4.798587495923450214e-02
4.070000000000000000e+03 4.326046884425135963e-01 4.792865625381528133e-02
4.080000000000000000e+03 4.326583539569829329e-01 4.787544223368345175e-02
4.090000000000000000e+03 4.327083870912453167e-01 4.782585806414923341e-02
4.100000000000000000e+03 4.327540003533353330e-01 4.778069281563531584e-02
4.110000000000000000e+03 4.327952759009725536e-01 4.773986604708278791e-02
4.120000000000000000e+03 4.328340310188237838e-01 4.770155929800697081e-02
4.130000000000000000e+03 4.328729164429827025e-01 4.766311653512413787e-02
4.140000000000000000e+03 4.329133951487801890e-01 4.762306848524969910e-02
4.150000000000000000e+03 4.329540783948164773e-01 4.758280185125083467e-02
4.160000000000000000e+03 4.329907846556380613e-01 4.754650276552455090e-02
4.170000000000000000e+03 4.330186752334710953e-01 4.751901751550732800e-02
4.180000000000000000e+03 4.330354770586353208e-01 4.750262427163159940e-02
4.190000000000000000e+03 4.330439118400846166e-01 4.749460154726416888e-02
4.200000000000000000e+03 4.330516438928397882e-01 4.748728231271329148e-02
4.210000000000000000e+03 4.330684118057619436e-01 4.747092609810510400e-02
4.220000000000000000e+03 4.331017851687417597e-01 4.743796399858021123e-02
4.230000000000000000e+03 4.331539608232679583e-01 4.738620118256275937e-02
4.240000000000000000e+03 4.332214141735141744e-01 4.731916323786983236e-02
4.250000000000000000e+03 4.332974542100313520e-01 4.724354052933946863e-02
4.260000000000000000e+03 4.333760347066322738e-01 4.716537881317309222e-02
4.270000000000000000e+03 4.334546336828833391e-01 4.708720070495452104e-02
4.280000000000000000e+03 4.335348432046006728e-01 4.700741487498676097e-02
4.290000000000000000e+03 4.336208251091325239e-01 4.692186015211931294e-02
4.300000000000000000e+03 4.337169487504187737e-01 4.682616922164133111e-02
4.310000000000000000e+03 4.338260645816803818e-01 4.671749576656417102e-02
4.320000000000000000e+03 4.339490735543163336e-01 4.659494262947323079e-02
4.330000000000000000e+03 4.340854319701449304e-01 4.645905412497670223e-02
4.340000000000000000e+03 4.342337408975335267e-01 4.631122654567013108e-02
4.350000000000000000e+03 4.343918826362518359e-01 4.615357507913431245e-02
4.360000000000000000e+03 4.345568879390095396e-01 4.598906860548408054e-02
4.370000000000000000e+03 4.347251518658304947e-01 4.582131269065262830e-02
4.380000000000000000e+03 4.348933551169488765e-01 4.565362700510185168e-02
4.390000000000000000e+03 4.350597360877111464e-01 4.548777232349156957e-02
4.400000000000000000e+03 4.352248757159890014e-01 4.532316517057409511e-02
4.410000000000000000e+03 4.353913616843032575e-01 4.515721406529796256e-02
4.420000000000000000e+03 4.355624365500094797e-01 4.498667373530945701e-02
4.430000000000000000e+03 4.357404096853561004e-01 4.480923561795609883e-02
4.440000000000000000e+03 4.359257301899511217e-01 4.462445399350199043e-02
4.450000000000000000e+03 4.361171658395389117e-01 4.443356364317069956e-02
4.460000000000000000e+03 4.363128745934972685e-01 4.423840695992623667e-02
4.470000000000000000e+03 4.365116648591265691e-01 4.404017431408888822e-02
4.480000000000000000e+03 4.367136452933390589e-01 4.383875598204620139e-02
4.490000000000000000e+03 4.369198078874736435e-01 4.363316055865921334e-02
4.500000000000000000e+03 4.371307162514975753e-01 4.342282755697497720e-02
4.510000000000000000e+03 4.373450461745643780e-01 4.320908384969955607e-02
4.520000000000000000e+03 4.375589089578711954e-01 4.299581780912502954e-02
4.530000000000000000e+03 4.377665114947154601e-01 4.278882139635016568e-02
4.540000000000000000e+03 4.379619409769137106e-01 4.259400685065264924e-02
4.550000000000000000e+03 4.381411594852070435e-01 4.241541076884779160e-02
4.560000000000000000e+03 4.383031143614004588e-01 4.225408420193934450e-02
4.570000000000000000e+03 4.384493780065644164e-01 4.210845426547203674e-02
4.580000000000000000e+03 4.385826248296063601e-01 4.197584637756133358e-02
4.590000000000000000e+03 4.387049330971307670e-01 4.185418156910737653e-02
4.600000000000000000e+03 4.388169078929462508e-01 4.174285467875968325e-02
4.610000000000000000e+03 4.389180025818622544e-01 4.164241298203034958e-02
4.620000000000000000e+03 4.390076433906857645e-01 4.155343013853800282e-02
4.630000000000000000e+03 4.390863176273136492e-01 4.147541682527050577e-02
4.640000000000000000e+03 4.391558732200525061e-01 4.140652256385005114e-02
4.650000000000000000e+03 4.392187901345600554e-01 4.134426641549665549e-02
4.660000000000000000e+03 4.392768393660422821e-01 4.128687892307367213e-02
4.670000000000000000e+03 4.393299637549826220e-01 4.123442116507628624e-02
4.680000000000000000e+03 4.393761077970235740e-01 4.118895218532553359e-02
4.690000000000000000e+03 4.394121526771322950e-01 4.115359064113257442e-02
4.700000000000000000e+03 4.394354617098280014e-01 4.113097050099905755e-02
4.710000000000000000e+03 4.394452215385010185e-01 4.112190418785958979e-02
4.720000000000000000e+03 4.394429159482855507e-01 4.112490835415276436e-02
4.730000000000000000e+03 4.394317231339685548e-01 4.113680512425856028e-02
4.740000000000000000e+03 4.394150905217378833e-01 4.115414667559827433e-02
4.750000000000000000e+03 4.393950708332557409e-01 4.117487905631764949e-02
4.760000000000000000e+03 4.393711361391971493e-01 4.119952903263857796e-02
4.770000000000000000e+03 4.393400590414957563e-01 4.123132445717903743e-02
4.780000000000000000e+03 4.392970194972680154e-01 4.127508745464240209e-02
4.790000000000000000e+03 4.392374801262768358e-01 4.133535683832008367e-02
4.800000000000000000e+03 4.391589239893424201e-01 4.141464844016160690e-02
4.810000000000000000e+03 4.390616164463956306e-01 4.151269386889021307e-02
4.820000000000000000e+03 4.389481223550477096e-01 4.162692533574726544e-02
4.830000000000000000e+03 4.388219746648807651e-01 4.175380748795722019e-02
4.840000000000000000e+03 4.386862343825241317e-01 4.189027834030750047e-02
4.850000000000000000e+03 4.385425853404930074e-01 4.203465434610289403e-02
4.860000000000000000e+03 4.383912397864720978e-01 4.218672338287761392e-02
4.870000000000000000e+03 4.382314981255947539e-01 4.234718400177326508e-02
4.880000000000000000e+03 4.380625022790807233e-01 4.251689337805523300e-02
4.890000000000000000e+03 4.378836994823674389e-01 4.269640435787724203e-02
4.900000000000000000e+03 4.376947959035409341e-01 4.288601131946930684e-02
4.910000000000000000e+03 4.374953149184689360e-01 4.308619162191125451e-02
4.920000000000000000e+03 4.372840598784515920e-01 4.329814302220201527e-02
4.930000000000000000e+03 4.370587993102260649e-01 4.352409911329907510e-02
4.940000000000000000e+03 4.368164382107418975e-01 4.376715739894838225e-02
4.950000000000000000e+03 4.365538118669524681e-01 4.403048397565853533e-02
4.960000000000000000e+03 4.362689595493111638e-01 4.431603982064185460e-02
4.970000000000000000e+03 4.359623708344500526e-01 4.462333573125317615e-02
4.980000000000000000e+03 4.356375019859887732e-01 4.494891731200112428e-02
4.990000000000000000e+03 4.353000516960799371e-01 4.528708953130157477e-02
5.000000000000000000e+03 4.349560410471883243e-01 4.563183499806524462e-02
5.010000000000000000e+03 4.346094082088992061e-01 4.597921863409078908e-02
5.020000000000000000e+03 4.342602518103824694e-01 4.632914407297947929e-02
5.030000000000000000e+03 4.339047546131002964e-01 4.668542948112674312e-02
5.040000000000000000e+03 4.335370914049744284e-01 4.705390051044593125e-02
5.050000000000000000e+03 4.331525593028567322e-01 4.743926077049065437e-02
5.060000000000000000e+03 4.327503906700429503e-01 4.784227822791340540e-02
5.070000000000000000e+03 4.323347404895527823e-01 4.825879760050271611e-02
5.080000000000000000e+03 4.319132200298078095e-01 4.868120685272753212e-02
5.090000000000000000e+03 4.314936186693565934e-01 4.910171437342289447e-02
5.100000000000000000e+03 4.310804138476635461e-01 4.951584061401440723e-02
5.110000000000000000e+03 4.306727603309654095e-01 4.992443133273476857e-02
5.120000000000000000e+03 4.302648736343874236e-01 5.033327365811271492e-02
5.130000000000000000e+03 4.298485616773198847e-01 5.075056097947260730e-02
5.140000000000000000e+03 4.294167206077730281e-01 5.118339606053708135e-02
5.150000000000000000e+03 4.289662832757344946e-01 5.163484417969506357e-02
5.160000000000000000e+03 4.284994726559706035e-01 5.210268085682578237e-02
5.170000000000000000e+03 4.280230478500992031e-01 5.258014454360725870e-02
5.180000000000000000e+03 4.275461155374511990e-01 5.305812425389293263e-02
5.190000000000000000e+03 4.270775560149856487e-01 5.352773576793911497e-02
5.200000000000000000e+03 4.266239966682006668e-01 5.398235094957861552e-02
5.210000000000000000e+03 4.261887780099633538e-01 5.441863121940193615e-02
5.220000000000000000e+03 4.257718726463736170e-01 5.483660661634486705e-02
5.230000000000000000e+03 4.253704506164196486e-01 5.523910954572140014e-02
5.240000000000000000e+03 4.249797559968874761e-01 5.563089858295048457e-02
5.250000000000000000e+03 4.245940734101924519e-01 5.601769153429656672e-02
5.260000000000000000e+03 4.242076956974322188e-01 5.640519665767411428e-02
5.270000000000000000e+03 4.238158721732551704e-01 5.679816531563835341e-02
5.280000000000000000e+03 4.234157107742447246e-01 5.719949105757439478e-02
5.290000000000000000e+03 4.230069581255601063e-01 5.760942837173898406e-02
5.300000000000000000e+03 4.225925028452997556e-01 5.802508676051641723e-02
5.310000000000000000e+03 4.221783568136754372e-01 5.844045007867523095e-02
5.320000000000000000e+03 4.217728410559247743e-01 5.884719481825727988e-02
5.330000000000000000e+03 4.213848822267006189e-01 5.923639339008113930e-02
5.340000000000000000e+03 4.210217477380782114e-01 5.960077582287944681e-02
5.350000000000000000e+03 4.206869499422339898e-01 5.993682542901720978e-02
5.360000000000000000e+03 4.203791312033215988e-01 6.024589651404677060e-02
5.370000000000000000e+03 4.200924219475844490e-01 6.053385681026664245e-02
5.380000000000000000e+03 4.198181966601061132e-01 6.080932965235038429e-02
5.390000000000000000e+03 4.195475970691520118e-01 6.108117183086664292e-02
5.400000000000000000e+03 4.192739035042933882e-01 6.135610415614450863e-02
5.410000000000000000e+03 4.189939609825846234e-01 6.163728376779397528e-02
5.420000000000000000e+03 4.187083129777398049e-01 6.192416733111253541e-02
5.430000000000000000e+03 4.184202072313661924e-01 6.221350617517357878e-02
5.440000000000000000e+03 4.181339957194665780e-01 6.250094992358451451e-02
5.450000000000000000e+03 4.178535705165423719e-01 6.278260882037553503e-02
5.460000000000000000e+03 4.175813593480598995e-01 6.305605509214520787e-02
5.470000000000000000e+03 4.173180983510392794e-01 6.332054842305789855e-02
5.480000000000000000e+03 4.170632844448880494e-01 6.357658576051336552e-02
5.490000000000000000e+03 4.168160222696421502e-01 6.382505837914850821e-02
5.500000000000000000e+03 4.165759289384425301e-01 6.406634637490118966e-02
5.510000000000000000e+03 4.163437765480342834e-01 6.429967489143852133e-02
5.520000000000000000e+03 4.161216062489471734e-01 6.452300101810605482e-02
5.530000000000000000e+03 4.159122200902437005e-01 6.473352311925062441e-02
5.540000000000000000e+03 4.157182464153293400e-01 6.492861375459396678e-02
5.550000000000000000e+03 4.155412155166027799e-01 6.510674459136404912e-02
5.560000000000000000e+03 4.153810735989457159e-01 6.526797359814949517e-02
5.570000000000000000e+03 4.152363185832970705e-01 6.541380803364631180e-02
5.580000000000000000e+03 4.151046318708333516e-01 6.554657072163146136e-02
5.590000000000000000e+03 4.149836843207756476e-01 6.566859472104610851e-02
5.600000000000000000e+03 4.148717787043617600e-01 6.578158214632107148e-02
5.610000000000000000e+03 4.147681224574669145e-01 6.588633045651279274e-02
5.620000000000000000e+03 4.146727149963225223e-01 6.598284403404244824e-02
5.630000000000000000e+03 4.145859886677594197e-01 6.607069272560951723e-02
5.640000000000000000e+03 4.145084199764907384e-01 6.614940204234587284e-02
5.650000000000000000e+03 4.144403097350100040e-01 6.621867219679940242e-02
5.660000000000000000e+03 4.143818520126918425e-01 6.627830814029202211e-02
5.670000000000000000e+03 4.143334951683003697e-01 6.632786170360409350e-02
5.680000000000000000e+03 4.142964637449376708e-01 6.636611094780199560e-02
5.690000000000000000e+03 4.142732276535212033e-01 6.639058854429577550e-02
5.700000000000000000e+03 4.142677204168124239e-01 6.639736129328671632e-02
5.710000000000000000e+03 4.142851924115298901e-01 6.638117725533305979e-02
5.720000000000000000e+03 4.143316568483243478e-01 6.633602258224446935e-02
5.730000000000000000e+03 4.144129273469552843e-01 6.625608222924962709e-02
5.740000000000000000e+03 4.145333562784417336e-01 6.613700079579301616e-02
5.750000000000000000e+03 4.146945612564405526e-01 6.597715871484276240e-02
5.760000000000000000e+03 4.148945842634489956e-01 6.577851298411988012e-02
5.770000000000000000e+03 4.151279409949534815e-01 6.554654530931300349e-02
5.780000000000000000e+03 4.153867837458480872e-01 6.528909851882840065e-02
5.790000000000000000e+03 4.156629623871542223e-01 6.501431956031022974e-02
5.800000000000000000e+03 4.159503266739430494e-01 6.472835914975259841e-02
5.810000000000000000e+03 4.162464394988828476e-01 6.443365546914774089e-02
5.820000000000000000e+03 4.165530581478966710e-01 6.412845127268969325e-02
5.830000000000000000e+03 4.168751837720214293e-01 6.380774616469411797e-02
5.840000000000000000e+03 4.172190273594171273e-01 6.346533108546029145e-02
5.850000000000000000e+03 4.175896889872988127e-01 6.309610592593165035e-02
5.860000000000000000e+03 4.179894605813864739e-01 6.269777659948572168e-02
5.870000000000000000e+03 4.184173446786252915e-01 6.227134006383490406e-02
5.880000000000000000e+03 4.188698116028909402e-01 6.182032688513343366e-02
5.890000000000000000e+03 4.193423037096453698e-01 6.134929379131536659e-02
5.900000000000000000e+03 4.198307554198846825e-01 6.086230319334117594e-02
5.910000000000000000e+03 4.203325200874304390e-01 6.036199956953022805e-02
5.920000000000000000e+03 4.208464811308783582e-01 5.984949862130733989e-02
5.930000000000000000e+03 4.213725444332305226e-01 5.932489338459272926e-02
5.940000000000000000e+03 4.219109254236385054e-01 5.878796622963325391e-02
5.950000000000000000e+03 4.224616149877152838e-01 5.823872469043909345e-02
5.960000000000000000e+03 4.230242283067157660e-01 5.767755496996160997e-02
5.970000000000000000e+03 4.235982198977679691e-01 5.710500497685088578e-02
5.980000000000000000e+03 4.241832597265531302e-01 5.652140563123863454e-02
5.990000000000000000e+03 4.247794731806234791e-01 5.592663155731024405e-02
6.000000000000000000e+03 4.253873215315104317e-01 5.532022239544732295e-02
6.010000000000000000e+03 4.260071195180535897e-01 5.470186450440638753e-02
6.020000000000000000e+03 4.266384208790206523e-01 5.407200455662405925e-02
6.030000000000000000e+03 4.272796021417408774e-01 5.343226669101633353e-02
6.040000000000000000e+03 4.279278945878792761e-01 5.278542097137037259e-02
6.050000000000000000e+03 4.285799005249538163e-01 5.213486632457517422e-02
6.060000000000000000e+03 4.292323785258486679e-01 5.148384473425090396e-02
6.070000000000000000e+03 4.298829198538545726e-01 5.083476511551540677e-02
6.080000000000000000e+03 4.305301534679579212e-01 5.018899901879394360e-02
6.090000000000000000e+03 4.311733320552033621e-01 4.954729442918247989e-02
6.100000000000000000e+03 4.318115186685110851e-01 4.891058841425038883e-02
6.110000000000000000e+03 4.324429090798806996e-01 4.828068418984993171e-02
6.120000000000000000e+03 4.330648197705641023e-01 4.766026301511912949e-02
6.130000000000000000e+03 4.336745035687684102e-01 4.705206910747747329e-02
6.140000000000000000e+03 4.342704850979724474e-01 4.645757524784319137e-02
6.150000000000000000e+03 4.348538251066661475e-01 4.587571912470637947e-02
6.160000000000000000e+03 4.354287198932929037e-01 4.530230347169102861e-02
6.170000000000000000e+03 4.360020354059167547e-01 4.473046065516346481e-02
6.180000000000000000e+03 4.365816589269291281e-01 4.415229991451050107e-02
6.190000000000000000e+03 4.371739256387386363e-01 4.356148131749285751e-02
6.200000000000000000e+03 4.377808599240885501e-01 4.295597634561556383e-02
6.210000000000000000e+03 4.383983622367133570e-01 4.233988252422687254e-02
6.220000000000000000e+03 4.390163924716006250e-01 4.172324060281359936e-02
6.230000000000000000e+03 4.396214951011492289e-01 4.111950920062321102e-02
6.240000000000000000e+03 4.402009772390721443e-01 4.054138594897369746e-02
6.250000000000000000e+03 4.407472043611183610e-01 3.999651047019880945e-02
6.260000000000000000e+03 4.412602447662620775e-01 3.948481833539570912e-02
6.270000000000000000e+03 4.417476458718636034e-01 3.899876389918562752e-02
6.280000000000000000e+03 4.422212830115365700e-01 3.852647203673024295e-02
6.290000000000000000e+03 4.426924909691565824e-01 3.805660800938604621e-02
6.300000000000000000e+03 4.431675009735250303e-01 3.758294124190965368e-02
6.310000000000000000e+03 4.436451844646445708e-01 3.710660130560068659e-02
6.320000000000000000e+03 4.441181906012015013e-01 3.663493992140930827e-02
6.330000000000000000e+03 4.445770494737261158e-01 3.617742767365573348e-02
6.340000000000000000e+03 4.450153011486192578e-01 3.574052480091636369e-02
6.350000000000000000e+03 4.454329856917101926e-01 3.532419064833942218e-02
6.360000000000000000e+03 4.458365293395941120e-01 3.492199713504099551e-02
6.370000000000000000e+03 4.462350500320673152e-01 3.452482334179302753e-02
6.380000000000000000e+03 4.466352128349279638e-01 3.412600057791598945e-02
6.390000000000000000e+03 4.470375959844818947e-01 3.372494708615307590e-02
6.400000000000000000e+03 4.474365313618635653e-01 3.332732871239059425e-02
6.410000000000000000e+03 4.478232169085513692e-01 3.294194742331823383e-02
6.420000000000000000e+03 4.481900079529609893e-01 3.257644989888181658e-02
6.430000000000000000e+03 4.485333913727982957e-01 3.223435207422632731e-02
6.440000000000000000e+03 4.488543439379725219e-01 3.191467903692388891e-02
6.450000000000000000e+03 4.491565803252265954e-01 3.161371587818813389e-02
6.460000000000000000e+03 4.494442942299646249e-01 3.132726652090494363e-02
6.470000000000000000e+03 4.497207616356629911e-01 3.105205154215837440e-02
6.480000000000000000e+03 4.499880638744189199e-01 3.078598640207803189e-02
6.490000000000000000e+03 4.502472300523099324e-01 3.052803958403084786e-02
6.500000000000000000e+03 4.504980167895112908e-01 3.027845322468531927e-02
6.510000000000000000e+03 4.507382605304993128e-01 3.003939180634253997e-02
6.520000000000000000e+03 4.509635719169112766e-01 2.981524816225711305e-02
6.530000000000000000e+03 4.511683162709379524e-01 2.961166143072092860e-02
6.540000000000000000e+03 4.513480246053583333e-01 2.943310413186216168e-02
6.550000000000000000e+03 4.515021491117186536e-01 2.928012621218253203e-02
6.560000000000000000e+03 4.516354379490358228e-01 2.914798096441839972e-02
6.570000000000000000e+03 4.517567281523375278e-01 2.902783281432882306e-02
6.580000000000000000e+03 4.518753668115949029e-01 2.891033588850420305e-02
6.590000000000000000e+03 4.519969708447234003e-01 2.878987389334224101e-02
6.600000000000000000e+03 4.521208985809489489e-01 2.866708972955782017e-02
6.610000000000000000e+03 4.522409927877235614e-01 2.854814421620369136e-02
6.620000000000000000e+03 4.523491497076209122e-01 2.844114618548643919e-02
6.630000000000000000e+03 4.524394143375743416e-01 2.835205358069347106e-02
6.640000000000000000e+03 4.525100324660191187e-01 2.828261954376923987e-02
6.650000000000000000e+03 4.525625077534491392e-01 2.823133728526006428e-02
6.660000000000000000e+03 4.525990305498898691e-01 2.819601366408249279e-02
6.670000000000000000e+03 4.526207860824824070e-01 2.817546149728380328e-02
6.680000000000000000e+03 4.526286451248183185e-01 2.816880838589742864e-02
6.690000000000000000e+03 4.526254677058911824e-01 2.817319278749371228e-02
6.700000000000000000e+03 4.526176411840892588e-01 2.818222621850519083e-02
6.710000000000000000e+03 4.526138189650386057e-01 2.818725502238921335e-02
6.720000000000000000e+03 4.526208586621965346e-01 2.818142235120241895e-02
6.730000000000000000e+03 4.526391670556351166e-01 2.816432325466416975e-02
6.740000000000000000e+03 4.526604357707206261e-01 2.814426970320492438e-02
6.750000000000000000e+03 4.526696136004217386e-01 2.813631849377895913e-02
6.760000000000000000e+03 4.526506675421836934e-01 2.815650853602511342e-02
6.770000000000000000e+03 4.525935317493132715e-01 2.821490916852157846e-02
6.780000000000000000e+03 4.524988182285242244e-01 2.831090797112102361e-02
6.790000000000000000e+03 4.523779034168865509e-01 2.843312449078896909e-02
6.800000000000000000e+03 4.522484407740539059e-01 2.856389868742149549e-02
6.810000000000000000e+03 4.521276974450336716e-01 2.868595534300058536e-02
6.820000000000000000e+03 4.520268370211052433e-01 2.878812240983262202e-02
6.830000000000000000e+03 4.519481918706092505e-01 2.886806027140703668e-02
6.840000000000000000e+03 4.518858474438107731e-01 2.893167878410288218e-02
6.850000000000000000e+03 4.518286068502478381e-01 2.899017308660609138e-02
6.860000000000000000e+03 4.517639351822096416e-01 2.905607891434240295e-02
6.870000000000000000e+03 4.516816009122048281e-01 2.913962974947443413e-02
6.880000000000000000e+03 4.515760703689327693e-01 2.924636033454756576e-02
6.890000000000000000e+03 4.514470764147603399e-01 2.937653701135282264e-02
6.900000000000000000e+03 4.512983359524038729e-01 2.952644098366460912e-02
6.910000000000000000e+03 4.511352006229773504e-01 2.969071930329365838e-02
6.920000000000000000e+03 4.509625952624242151e-01 2.986444794859857352e-02
6.930000000000000000e+03 4.507843052279441043e-01 3.004384473368830466e-02
6.940000000000000000e+03 4.506036084747698789e-01 3.022563564388649690e-02
6.950000000000000000e+03 4.504242229924987906e-01 3.040610513797095335e-02
6.960000000000000000e+03 4.502503350307854313e-01 3.058106693848272953e-02
6.970000000000000000e+03 4.500852240863460474e-01 3.074723989068226665e-02
6.980000000000000000e+03 4.499291548666032869e-01 3.090435791094233234e-02
6.990000000000000000e+03 4.497779420264327865e-01 3.105660674013976941e-02
7.000000000000000000e+03 4.496234042973323297e-01 3.121216981940769242e-02
7.010000000000000000e+03 4.494559551418171317e-01 3.138063711412635709e-02
7.020000000000000000e+03 4.492684157090350294e-01 3.156919185218980822e-02
7.030000000000000000e+03 4.490593974995648607e-01 3.177922686698959887e-02
7.040000000000000000e+03 4.488346590459333374e-01 3.200498653887128009e-02
7.050000000000000000e+03 4.486056683961707203e-01 3.223500394634518790e-02
7.060000000000000000e+03 4.483858253461467935e-01 3.245587933868682162e-02
7.070000000000000000e+03 4.481858721540308843e-01 3.265687001214941793e-02
7.080000000000000000e+03 4.480104215623564312e-01 3.283336219318729737e-02
7.090000000000000000e+03 4.478569988712888805e-01 3.298782919646626316e-02
7.100000000000000000e+03 4.477177862633549554e-01 3.312808800480385174e-02
7.110000000000000000e+03 4.475830521903858550e-01 3.326387058200058061e-02
7.120000000000000000e+03 4.474446871656331259e-01 3.340328806228070463e-02
7.130000000000000000e+03 4.472985007123765899e-01 3.355053323280384608e-02
7.140000000000000000e+03 4.471446719280155468e-01 3.370542945799567119e-02
7.150000000000000000e+03 4.469865464582706283e-01 3.386463308487180912e-02
7.160000000000000000e+03 4.468285425586390747e-01 3.402372684280289411e-02
7.170000000000000000e+03 4.466741485504255871e-01 3.417922287967528616e-02
7.180000000000000000e+03 4.465247656738282056e-01 3.432972079265478316e-02
7.190000000000000000e+03 4.463795970605097807e-01 3.447601846998656072e-02
7.200000000000000000e+03 4.462363209187224511e-01 3.462043781901795458e-02
7.210000000000000000e+03 4.460921651413792821e-01 3.476574990821552913e-02
7.220000000000000000e+03 4.459451220266947291e-01 3.491396108913564361e-02
7.230000000000000000e+03 4.457951198698347217e-01 3.506514200077359006e-02
7.240000000000000000e+03 4.456448181425213817e-01 3.521663248049511363e-02
7.250000000000000000e+03 4.454995024693164662e-01 3.536314600720596307e-02
7.260000000000000000e+03 4.453657538200213040e-01 3.549809991883626920e-02
7.270000000000000000e+03 4.452492459531602331e-01 3.561581866373846744e-02
7.280000000000000000e+03 4.451526711131276737e-01 3.571360968614739617e-02
7.290000000000000000e+03 4.450747865537017511e-01 3.579271695266537240e-02
7.300000000000000000e+03 4.450108857185660072e-01 3.585784803165077000e-02
7.310000000000000000e+03 4.449542026879735324e-01 3.591576865415583436e-02
7.320000000000000000e+03 4.448974603177764942e-01 3.597375537325415984e-02
7.330000000000000000e+03 4.448340863233277154e-01 3.603838063232998878e-02
7.340000000000000000e+03 4.447591345474214419e-01 3.611459104402890696e-02
7.350000000000000000e+03 4.446701656136705094e-01 3.620482483445573718e-02
7.360000000000000000e+03 4.445680912480254321e-01 3.630816706893184864e-02
7.370000000000000000e+03 4.444575060566023361e-01 3.642001932961910077e-02
7.380000000000000000e+03 4.443458372107705334e-01 3.653295165441981102e-02
7.390000000000000000e+03 4.442410745349582579e-01 3.663897348980692248e-02
7.400000000000000000e+03 4.441487110312966058e-01 3.673259308412658158e-02
7.410000000000000000e+03 4.440692646575455371e-01 3.681329452794398355e-02
7.420000000000000000e+03 4.439977714403771092e-01 3.688604355319782813e-02
7.430000000000000000e+03 4.439257991745771958e-01 3.695927368139229063e-02
7.440000000000000000e+03 4.438452608010285405e-01 3.704107328586365988e-02
7.450000000000000000e+03 4.437522980415640750e-01 3.713530190270047243e-02
7.460000000000000000e+03 4.436493338220607319e-01 3.723953637893051560e-02
7.470000000000000000e+03 4.435442370034937132e-01 3.734590488527218116e-02
7.480000000000000000e+03 4.434469124930557338e-01 3.744449719847698504e-02
7.490000000000000000e+03 4.433647790517860621e-01 3.752788822565210347e-02
7.500000000000000000e+03 4.432990741612835017e-01 3.759483542691159641e-02
7.510000000000000000e+03 4.432435835621135745e-01 3.765155187062071279e-02
7.520000000000000000e+03 4.431864066074863162e-01 3.770994189125895929e-02
7.530000000000000000e+03 4.431141441894950184e-01 3.778341127676948519e-02
7.540000000000000000e+03 4.430168744535923353e-01 3.788188798804341395e-02
7.550000000000000000e+03 4.428919173795499709e-01 3.800805564999849839e-02
7.560000000000000000e+03 4.427448634082589707e-01 3.815632496979466659e-02
7.570000000000000000e+03 4.425874827562427671e-01 3.831492414783064376e-02
7.580000000000000000e+03 4.424334102564412841e-01 3.847021463346577547e-02
7.590000000000000000e+03 4.422933312653684612e-01 3.861150846592913133e-02
7.600000000000000000e+03 4.421715008710196404e-01 3.873455210030864876e-02
7.610000000000000000e+03 4.420648373359840622e-01 3.884243274195671447e-02
7.620000000000000000e+03 4.419647966199603539e-01 3.894370181666367142e-02
7.630000000000000000e+03 4.418611223282226108e-01 3.904862279297118682e-02
7.640000000000000000e+03 4.417458318118952509e-01 3.916518241518820997e-02
7.650000000000000000e+03 4.416157639893270592e-01 3.929654142631434921e-02
7.660000000000000000e+03 4.414727532954371703e-01 3.944086175104079967e-02
7.670000000000000000e+03 4.413216966958847243e-01 3.959324220169852665e-02
7.680000000000000000e+03 4.411677579967422380e-01 3.974851616008602539e-02
7.690000000000000000e+03 4.410141072951226371e-01 3.990351231202364513e-02
7.700000000000000000e+03 4.408610104973113009e-01 4.005796481712788765e-02
7.710000000000000000e+03 4.407063188214938032e-01 4.021402463164585467e-02
7.720000000000000000e+03 4.405468402150296559e-01 4.037488851959891017e-02
7.730000000000000000e+03 4.403799051932290043e-01 4.054323064748766026e-02
7.740000000000000000e+03 4.402045792391084955e-01 4.071998653608370489e-02
7.750000000000000000e+03 4.400221902989579492e-01 4.090382476405809292e-02
7.760000000000000000e+03 4.398360227403353973e-01 4.109145530916060579e-02
7.770000000000000000e+03 4.396502881443199451e-01 4.127866138410456881e-02
7.780000000000000000e+03 4.394687760841540780e-01 4.146165039526743257e-02
7.790000000000000000e+03 4.392937021488266813e-01 4.163820637278515396e-02
7.800000000000000000e+03 4.391250693089110979e-01 4.180832811828082141e-02
7.810000000000000000e+03 4.389605451255895741e-01 4.197435121541906455e-02
7.820000000000000000e+03 4.387957568778094730e-01 4.214065044992373193e-02
7.830000000000000000e+03 4.386250779183077375e-01 4.231285050211858190e-02
7.840000000000000000e+03 4.384430359873967564e-01 4.249641733470611166e-02
7.850000000000000000e+03 4.382462277681853369e-01 4.269474596451107440e-02
7.860000000000000000e+03 4.380352030545897613e-01 4.290728012442714123e-02
7.870000000000000000e+03 4.378155188427145794e-01 4.312846088273986078e-02
7.880000000000000000e+03 4.375972756144142495e-01 4.334818938146041412e-02
7.890000000000000000e+03 4.373929118576055375e-01 4.355402912529099391e-02
7.900000000000000000e+03 4.372137054138838796e-01 4.373470296661286644e-02
7.910000000000000000e+03 4.370660200464654976e-01 4.388384800183983692e-02
7.920000000000000000e+03 4.369486009023551554e-01 4.400272143664125252e-02
7.930000000000000000e+03 4.368520560011970866e-01 4.410071764023873464e-02
7.940000000000000000e+03 4.367610347997724629e-01 4.419318791662267543e-02
7.950000000000000000e+03 4.366586793236611475e-01 4.429698978575846019e-02
7.960000000000000000e+03 4.365320265356726348e-01 4.442508517759460873e-02
7.970000000000000000e+03 4.363765555856207179e-01 4.458199264551716834e-02
7.980000000000000000e+03 4.361982223018474603e-01 4.476175297793721919e-02
7.990000000000000000e+03 4.360120915380292228e-01 4.494929773145683177e-02
8.000000000000000000e+03 4.358377757070411862e-01 4.512501166601032287e-02
8.010000000000000000e+03 4.356930020841769391e-01 4.527116594056616178e-02
8.020000000000000000e+03 4.355874739763760939e-01 4.537805645254465448e-02
8.030000000000000000e+03 4.355193872401130761e-01 4.544748622825744988e-02
8.040000000000000000e+03 4.354762357403973994e-01 4.549195941048644887e-02
8.050000000000000000e+03 4.354398543195986404e-01 4.552963967917437321e-02
8.060000000000000000e+03 4.353937595347390221e-01 4.557701099442378057e-02
8.070000000000000000e+03 4.353298345166162764e-01 4.564219250336746386e-02
8.080000000000000000e+03 4.352516378775510564e-01 4.572162872208483664e-02
8.090000000000000000e+03 4.351729877334722940e-01 4.580150554349442932e-02
8.100000000000000000e+03 4.351124377294661727e-01 4.586327415788613027e-02
8.110000000000000000e+03 4.350859639414147995e-01 4.589096264998553804e-02
8.120000000000000000e+03 4.351008660242498549e-01 4.587727333787099127e-02
8.130000000000000000e+03 4.351533016034897505e-01 4.582604864921282356e-02
8.140000000000000000e+03 4.352303134207891611e-01 4.575024533627669587e-02
8.150000000000000000e+03 4.353153906957107355e-01 4.566637408899283657e-02
8.160000000000000000e+03 4.353952471455611595e-01 4.558772170541578600e-02
8.170000000000000000e+03 4.354651451529408801e-01 4.551902585125205958e-02
8.180000000000000000e+03 4.355307603455409460e-01 4.545460965953498911e-02
8.190000000000000000e+03 4.356059586843092357e-01 4.538060521120081819e-02
8.200000000000000000e+03 4.357074384253857291e-01 4.528031258549513466e-02
8.210000000000000000e+03 4.358484164491141510e-01 4.514051427127625804e-02
8.220000000000000000e+03 4.360339067810899416e-01 4.495619694061254307e-02
8.230000000000000000e+03 4.362594009106494086e-01 4.473187048654537340e-02
8.240000000000000000e+03 4.365132397261132779e-01 4.447919500301397711e-02
8.250000000000000000e+03 4.367814098493837949e-01 4.421218387267858430e-02
8.260000000000000000e+03 4.370525928927860848e-01 4.394215510854308088e-02
8.270000000000000000e+03 4.373214145652897789e-01 4.367448420022190803e-02
8.280000000000000000e+03 4.375888246491918543e-01 4.340822412682151382e-02
8.290000000000000000e+03 4.378598825558879248e-01 4.313831623454413011e-02
8.300000000000000000e+03 4.381403055795135004e-01 4.285903926816103660e-02
8.310000000000000000e+03 4.384334962376502109e-01 4.256698325507232705e-02
8.320000000000000000e+03 4.387393262026348384e-01 4.226226843208413797e-02
8.330000000000000000e+03 4.390550101643220238e-01 4.194767431381933587e-02
8.340000000000000000e+03 4.393774404898093677e-01 4.162630634397821577e-02
8.350000000000000000e+03 4.397057644881732785e-01 4.129901748784535476e-02
8.360000000000000000e+03 4.400429522919050984e-01 4.096283910930603733e-02
8.370000000000000000e+03 4.403955155072114547e-01 4.061126206483695739e-02
8.380000000000000000e+03 4.407712112786181802e-01 4.023653201341840374e-02
8.390000000000000000e+03 4.411754491053058724e-01 3.983324203868804370e-02
8.400000000000000000e+03 4.416079254038379198e-01 3.940169841230641706e-02
8.410000000000000000e+03 4.420612088476016388e-01 3.894933620901672167e-02
8.420000000000000000e+03 4.425222943470335513e-01 3.848916589926163617e-02
8.430000000000000000e+03 4.429767977805550982e-01 3.803557661638052451e-02
8.440000000000000000e+03 4.434141748050173248e-01 3.759911523017787915e-02
8.450000000000000000e+03 4.438317702378187235e-01 3.718243735656288906e-02
8.460000000000000000e+03 4.442358884589542312e-01 3.677923695841898988e-02
8.470000000000000000e+03 4.446391990665628513e-01 3.637684087074341543e-02
8.480000000000000000e+03 4.450552791547070508e-01 3.596166915377465439e-02
8.490000000000000000e+03 4.454924259414784204e-01 3.552542474894759134e-02
8.500000000000000000e+03 4.459495560262007330e-01 3.506919368734830178e-02
8.510000000000000000e+03 4.464164084042603342e-01 3.460324027151747556e-02
8.520000000000000000e+03 4.468782533814475433e-01 3.414229685339743164e-02
8.530000000000000000e+03 4.473229441156720831e-01 3.369851252268644959e-02
8.540000000000000000e+03 4.477468229981340087e-01 3.327554774225512102e-02
8.550000000000000000e+03 4.481564813072562714e-01 3.286681553831586472e-02
8.560000000000000000e+03 4.485654132041059783e-01 3.245882634695401725e-02
8.570000000000000000e+03 4.489871399458445489e-01 3.203806110594702855e-02
8.580000000000000000e+03 4.494281585691258796e-01 3.159802272964005315e-02
8.590000000000000000e+03 4.498841296257999889e-01 3.114305068782065658e-02
8.600000000000000000e+03 4.503410613140710894e-01 3.068713677883789723e-02
8.610000000000000000e+03 4.507808867373268025e-01 3.024834604581459752e-02
8.620000000000000000e+03 4.511888125579626152e-01 2.984146857135071620e-02
8.630000000000000000e+03 4.515589894222904466e-01 2.947235120410667333e-02
8.640000000000000000e+03 4.518959281848682341e-01 2.913648226231047716e-02
8.650000000000000000e+03 4.522112957080132167e-01 2.882219502701412195e-02
8.660000000000000000e+03 4.525181594388461015e-01 2.851642242674708172e-02
8.670000000000000000e+03 4.528258781047254655e-01 2.820980589558548524e-02
8.680000000000000000e+03 4.531380094581274331e-01 2.789878676710176933e-02
8.690000000000000000e+03 4.534535645325703523e-01 2.758435124334761984e-02
8.700000000000000000e+03 4.537699837840418748e-01 2.726905483574185510e-02
8.710000000000000000e+03 4.540855340134659635e-01 2.695462640516216313e-02
8.720000000000000000e+03 4.543996889116919125e-01 2.664158764291246415e-02
8.730000000000000000e+03 4.547117439821403706e-01 2.633063831768322691e-02
8.740000000000000000e+03 4.550191963195616141e-01 2.602427673122604743e-02
8.750000000000000000e+03 4.553174416998767016e-01 2.572710287651636465e-02
8.760000000000000000e+03 4.556012139076807688e-01 2.544438069085908083e-02
8.770000000000000000e+03 4.558668078123358502e-01 2.517981748307004247e-02
8.780000000000000000e+03 4.561136160931476558e-01 2.493402720410071299e-02
8.790000000000000000e+03 4.563441828110986198e-01 2.470447233470617066e-02
8.800000000000000000e+03 4.565630266160916606e-01 2.448663661781654358e-02
8.810000000000000000e+03 4.567750051952345069e-01 2.427566054771199133e-02
8.820000000000000000e+03 4.569837954998220986e-01 2.406786360177744569e-02
8.830000000000000000e+03 4.571907712934497603e-01 2.386186971206853344e-02
8.840000000000000000e+03 4.573945798749143310e-01 2.365903214492006551e-02
8.850000000000000000e+03 4.575917050482564141e-01 2.346287033935437819e-02
8.860000000000000000e+03 4.577778236139229961e-01 2.327771106761605119e-02
8.870000000000000000e+03 4.579491799037091471e-01 2.310731108270072318e-02
8.880000000000000000e+03 4.581032350427204358e-01 2.295420776443824265e-02
8.890000000000000000e+03 4.582385111385273158e-01 2.281987810489949017e-02
8.900000000000000000e+03 4.583542822116032922e-01 2.270505027213223434e-02
8.910000000000000000e+03 4.584508084981812059e-01 2.260946822233044287e-02
8.920000000000000000e+03 4.585301147596533289e-01 2.253111027610450387e-02
8.930000000000000000e+03 4.585965805613668733e-01 2.246559625195481552e-02
8.940000000000000000e+03 4.586565128340493458e-01 2.240661311162512118e-02
8.950000000000000000e+03 4.587165322248544785e-01 2.234752845921771092e-02
8.960000000000000000e+03 4.587815430875266665e-01 2.228342553611183455e-02
8.970000000000000000e+03 4.588533765531395137e-01 2.221246784111314751e-02
8.980000000000000000e+03 4.589306298192103450e-01 2.213606091151409591e-02
8.990000000000000000e+03 4.590094023475117524e-01 2.205810962897519420e-02
9.000000000000000000e+03 4.590842475459273042e-01 2.198406163697220334e-02
9.010000000000000000e+03 4.591489509760909860e-01 2.192013102702664723e-02
9.020000000000000000e+03 4.591974062776580379e-01 2.187242673687814914e-02
9.030000000000000000e+03 4.592250938550357375e-01 2.184547361088876039e-02
9.040000000000000000e+03 4.592311510965599308e-01 2.184013807911843255e-02
9.050000000000000000e+03 4.592200578606880357e-01 2.185193972480126492e-02
9.060000000000000000e+03 4.592013638628160144e-01 2.187132524661182173e-02
9.070000000000000000e+03 4.591865983179940214e-01 2.188676349132552199e-02
9.080000000000000000e+03 4.591843020933441544e-01 2.188971645981836744e-02
9.090000000000000000e+03 4.591957186882366093e-01 2.187894749768494809e-02
9.100000000000000000e+03 4.592137145717071212e-01 2.186159662324507411e-02
9.110000000000000000e+03 4.592258248028376899e-01 2.185013192577266866e-02
9.120000000000000000e+03 4.592200409547953499e-01 2.185656299668407507e-02
9.130000000000000000e+03 4.591903491590705322e-01 2.188690494949507501e-02
9.140000000000000000e+03 4.591390547183225035e-01 2.193885473861423296e-02
9.150000000000000000e+03 4.590746897468086507e-01 2.200388408304213700e-02
9.160000000000000000e+03 4.590068295349569727e-01 2.207242197171863790e-02
9.170000000000000000e+03 4.589409696283869855e-01 2.213897558435654403e-02
9.180000000000000000e+03 4.588764994880715209e-01 2.220415597720147224e-02
9.190000000000000000e+03 4.588087096368054785e-01 2.227267197500828674e-02
9.200000000000000000e+03 4.587331613150720799e-01 2.234896106211053599e-02
9.210000000000000000e+03 4.586493512119763638e-01 2.243352566442391102e-02
9.220000000000000000e+03 4.585613322783633206e-01 2.252231289685784066e-02
9.230000000000000000e+03 4.584751802476651483e-01 2.260924688178208783e-02
9.240000000000000000e+03 4.583952835988877594e-01 2.268993724049534963e-02
9.250000000000000000e+03 4.583219481771300119e-01 2.276407355592911450e-02
9.260000000000000000e+03 4.582515493127569117e-01 2.283527517469379972e-02
9.270000000000000000e+03 4.581786598780587805e-01 2.290896668882077061e-02
9.280000000000000000e+03 4.580984727532370071e-01 2.298995515967254544e-02
9.290000000000000000e+03 4.580080539460981148e-01 2.308117378304766140e-02
9.300000000000000000e+03 4.579062658876551506e-01 2.318375711723864516e-02
9.310000000000000000e+03 4.577931593409702016e-01 2.329764976678403571e-02
9.320000000000000000e+03 4.576695256815578872e-01 2.342205666725083457e-02
9.330000000000000000e+03 4.575368332776878488e-01 2.355550927016803950e-02
9.340000000000000000e+03 4.573974521709734953e-01 2.369563979640619197e-02
9.350000000000000000e+03 4.572549005491233776e-01 2.383893228468702760e-02
9.360000000000000000e+03 4.571136241562676616e-01 2.398094518582813070e-02
9.370000000000000000e+03 4.569778575673785204e-01 2.411745171649391090e-02
9.380000000000000000e+03 4.568496664132027374e-01 2.424639401444128595e-02
9.390000000000000000e+03 4.567271022105167666e-01 2.436972394047043702e-02
9.400000000000000000e+03 4.566039144495323554e-01 2.449369110133331820e-02
9.410000000000000000e+03 4.564714925851923732e-01 2.462690353941389410e-02
9.420000000000000000e+03 4.563224197629269785e-01 2.477677648201487282e-02
9.430000000000000000e+03 4.561540515823160336e-01 2.494595513699969166e-02
9.440000000000000000e+03 4.559704546885557930e-01 2.513037287271968970e-02
9.450000000000000000e+03 4.557817463973304339e-01 2.531990760143792984e-02
9.460000000000000000e+03 4.556007733099761148e-01 2.550170601629383679e-02
9.470000000000000000e+03 4.554381668700820951e-01 2.566513179762227453e-02
9.480000000000000000e+03 4.552976947737674140e-01 2.580641455782560489e-02
9.490000000000000000e+03 4.551738304984809247e-01 2.593108201461335680e-02
9.500000000000000000e+03 4.550527029227048881e-01 2.605301095326587393e-02
9.510000000000000000e+03 4.549164409485715876e-01 2.619007972414662960e-02
9.520000000000000000e+03 4.547493361617422347e-01 2.635800268814828332e-02
9.530000000000000000e+03 4.545433513217377874e-01 2.656481947860914183e-02
9.540000000000000000e+03 4.543009722916885873e-01 2.680804299806072155e-02
9.550000000000000000e+03 4.540344573699349184e-01 2.707541187968311516e-02
9.560000000000000000e+03 4.537617091191767926e-01 2.734901915278524845e-02
9.570000000000000000e+03 4.535001885635382424e-01 2.761139819421512195e-02
9.580000000000000000e+03 4.532611332375488522e-01 2.785130691007277337e-02
9.590000000000000000e+03 4.530460650437310721e-01 2.806722168852835916e-02
9.600000000000000000e+03 4.528467113873929084e-01 2.826741639376855256e-02
9.610000000000000000e+03 4.526482733980137230e-01 2.846669211212139380e-02
9.620000000000000000e+03 4.524348272400700588e-01 2.868097486551555303e-02
9.630000000000000000e+03 4.521949763764048780e-01 2.892166465739712256e-02
9.640000000000000000e+03 4.519257676713370198e-01 2.919171926570044914e-02
9.650000000000000000e+03 4.516334267840864669e-01 2.948491596840360426e-02
9.660000000000000000e+03 4.513306209334624897e-01 2.978858746755727246e-02
9.670000000000000000e+03 4.510313468776152024e-01 3.008873489228308662e-02
9.680000000000000000e+03 4.507455815496044793e-01 3.037537649398903278e-02
9.690000000000000000e+03 4.504759420461670327e-01 3.064588621470632282e-02
9.700000000000000000e+03 4.502176976917889872e-01 3.090498260063331837e-02
9.710000000000000000e+03 4.499618536524922496e-01 3.116165221832847484e-02
9.720000000000000000e+03 4.496995138249616497e-01 3.142479470528400376e-02
9.730000000000000000e+03 4.494253453920125652e-01 3.169975586852607358e-02
9.740000000000000000e+03 4.491387093098194727e-01 3.198718947870722584e-02
9.750000000000000000e+03 4.488423496836185245e-01 3.228436305602425116e-02
9.760000000000000000e+03 4.485396228773869121e-01 3.258792531338135928e-02
9.770000000000000000e+03 4.482318525844676826e-01 3.289654911460229703e-02
9.780000000000000000e+03 4.479174552934068743e-01 3.321181019593145989e-02
9.790000000000000000e+03 4.475933466096190805e-01 3.353678624174393635e-02
9.800000000000000000e+03 4.472578603884568849e-01 3.387313825875755413e-02
9.810000000000000000e+03 4.469136373767452208e-01 3.421822158314196533e-02
9.820000000000000000e+03 4.465687960670586265e-01 3.456391895746806914e-02
9.830000000000000000e+03 4.462354756327739924e-01 3.489809850457326057e-02
9.840000000000000000e+03 4.459261329037489952e-01 3.520831046645347961e-02
9.850000000000000000e+03 4.456491292339260224e-01 3.548619470875848114e-02
9.860000000000000000e+03 4.454055040789360320e-01 3.573070727971849880e-02
9.870000000000000000e+03 4.451884203970120080e-01 3.594867850901562606e-02
9.880000000000000000e+03 4.449854241509462183e-01 3.615255766028064449e-02
9.890000000000000000e+03 4.447823184569753008e-01 3.635654110338060879e-02
9.900000000000000000e+03 4.445671304177720162e-01 3.657260524229487969e-02
9.910000000000000000e+03 4.443330429465992548e-01 3.680757331612129202e-02
9.920000000000000000e+03 4.440797391004503991e-01 3.706176818201366296e-02
9.930000000000000000e+03 4.438129727034313965e-01 3.732943775681643594e-02
9.940000000000000000e+03 4.435426864049886175e-01 3.760063609531708040e-02
9.950000000000000000e+03 4.432804382444864300e-01 3.786380185875661691e-02
9.960000000000000000e+03 4.430368320094305590e-01 3.810833423779582535e-02
9.970000000000000000e+03 4.428194304212004773e-01 3.832667804069320172e-02
9.980000000000000000e+03 4.426315014859578678e-01 3.851556888329387557e-02
9.990000000000000000e+03 4.424718365964731559e-01 3.867621072959706585e-02
1.000000000000000000e+04 4.423356397481404967e-01 3.881338939056558357e-02
