0.000000000000000000e+00 4.242415324271969768e-02 4.385407424606141968e-01
1.000000000000000000e+01 4.378339310671472417e-02 4.371821078627026180e-01
2.000000000000000000e+01 4.770275369542122113e-02 4.332627655394077903e-01
3.000000000000000000e+01 5.372699455364516458e-02 4.272384872566676872e-01
4.000000000000000000e+01 6.117241561825977753e-02 4.197931156368372996e-01
5.000000000000000000e+01 6.922542126951564123e-02 4.117401814433283569e-01
6.000000000000000000e+01 7.705558570899694038e-02 4.039100190842031535e-01
7.000000000000000000e+01 8.392431799326303954e-02 3.970412473172005852e-01
8.000000000000000000e+01 8.927127124714381856e-02 3.916942402483759023e-01
9.000000000000000000e+01 9.276773061453028046e-02 3.881976855685926875e-01
1.000000000000000000e+02 9.433224325954847611e-02 3.866330709301505908e-01
1.100000000000000000e+02 9.411016317812764820e-02 3.868550317820970696e-01
1.200000000000000000e+02 9.242528998334287316e-02 3.885398007181046220e-01
1.300000000000000000e+02 8.971474021358302742e-02 3.912502640086461536e-01
1.400000000000000000e+02 8.645912879217175495e-02 3.945057585471540840e-01
1.500000000000000000e+02 8.311923519763361745e-02 3.978455674746060322e-01
1.600000000000000000e+02 8.008649569970398285e-02 4.008782527747524749e-01
1.700000000000000000e+02 7.765197892152866932e-02 4.033127488745953393e-01
1.800000000000000000e+02 7.599381349953143738e-02 4.049708699849907112e-01
1.900000000000000000e+02 7.518123905743774593e-02 4.057834151668807676e-01
2.000000000000000000e+02 7.519053148430974998e-02 4.057740825446317090e-01
2.100000000000000000e+02 7.592810984699889520e-02 4.050364060190283499e-01
2.200000000000000000e+02 7.725606872419098214e-02 4.037083032534781180e-01
2.300000000000000000e+02 7.901626357013594171e-02 4.019479037722178405e-01
2.400000000000000000e+02 8.105045237985165907e-02 3.999134595120080737e-01
2.500000000000000000e+02 8.321533018969733131e-02 3.977483035783964671e-01
2.600000000000000000e+02 8.539219549785194430e-02 3.955711576296918608e-01
2.700000000000000000e+02 8.749172277293490452e-02 3.934713363271636344e-01
2.800000000000000000e+02 8.945507566435854929e-02 3.915076810252298145e-01
2.900000000000000000e+02 9.125223406371696377e-02 3.897102186984198746e-01
3.000000000000000000e+02 9.287852017442554953e-02 3.880836195193170801e-01
3.100000000000000000e+02 9.435018387078036861e-02 3.866116508640159988e-01
3.200000000000000000e+02 9.569945005631670665e-02 3.852620981146891999e-01
3.300000000000000000e+02 9.696947670273496633e-02 3.839917889734430489e-01
3.400000000000000000e+02 9.820944901309464070e-02 3.827515461500402005e-01
3.500000000000000000e+02 9.946989159850554152e-02 3.814908301958937487e-01
3.600000000000000000e+02 1.007985159630476052e-01 3.801619004577683203e-01
3.700000000000000000e+02 1.022365687330255568e-01 3.787235214307648756e-01
3.800000000000000000e+02 1.038158909066204116e-01 3.771438684872481240e-01
3.900000000000000000e+02 1.055569298299848802e-01 3.754024783110451735e-01
4.000000000000000000e+02 1.074678096852387521e-01 3.734912242841803010e-01
4.100000000000000000e+02 1.095445079072669831e-01 3.714141395796597411e-01
4.200000000000000000e+02 1.117721318256900825e-01 3.691861303270314587e-01
4.300000000000000000e+02 1.141271269139384203e-01 3.668307541866763777e-01
4.400000000000000000e+02 1.165801682332816280e-01 3.643773311556943728e-01
4.500000000000000000e+02 1.190995113548485723e-01 3.618576016314737354e-01
4.600000000000000000e+02 1.216543556822426569e-01 3.593023589263358852e-01
4.700000000000000000e+02 1.242178565751449887e-01 3.567384476794442372e-01
4.800000000000000000e+02 1.267694694543880785e-01 3.541864137587762973e-01
4.900000000000000000e+02 1.292963817876175980e-01 3.516590712965453891e-01
5.000000000000000000e+02 1.317939256358678923e-01 3.491611009672790922e-01
5.100000000000000000e+02 1.342649607304710613e-01 3.466896540797965720e-01
5.200000000000000000e+02 1.367184230745968343e-01 3.442357904888471709e-01
5.300000000000000000e+02 1.391673222393175480e-01 3.417864902879231837e-01
5.400000000000000000e+02 1.416264549460855560e-01 3.393269605388251620e-01
5.500000000000000000e+02 1.441101737593759868e-01 3.368428562537201243e-01
5.600000000000000000e+02 1.466305115940260417e-01 3.343221553114395506e-01
5.700000000000000000e+02 1.491958443102885112e-01 3.317564937246069712e-01
5.800000000000000000e+02 1.518102565101713819e-01 3.291417771223093536e-01
5.900000000000000000e+02 1.544736575108480447e-01 3.264780800661735150e-01
6.000000000000000000e+02 1.571824744475119884e-01 3.237689643756780922e-01
6.100000000000000000e+02 1.599307045157936091e-01 3.210204198498002315e-01
6.200000000000000000e+02 1.627112117650563461e-01 3.182395874161947358e-01
6.300000000000000000e+02 1.655169776686895022e-01 3.154335031156150770e-01
6.400000000000000000e+02 1.683420914103697652e-01 3.126080758969810858e-01
6.500000000000000000e+02 1.711824015133136534e-01 3.097674427203859771e-01
6.600000000000000000e+02 1.740357701870464124e-01 3.069137298066436648e-01
6.700000000000000000e+02 1.769019222275997616e-01 3.040472034166937787e-01
6.800000000000000000e+02 1.797819841430311483e-01 3.011667402411458694e-01
6.900000000000000000e+02 1.826778736139301751e-01 2.982704334865310947e-01
7.000000000000000000e+02 1.855916430103995152e-01 2.953562458410061708e-01
7.100000000000000000e+02 1.885248681832556727e-01 2.924226075363462463e-01
7.200000000000000000e+02 1.914781844350420537e-01 2.894688894144271663e-01
7.300000000000000000e+02 1.944509718361829564e-01 2.864957040156076440e-01
7.400000000000000000e+02 1.974412453404427170e-01 2.835050103407304456e-01
7.500000000000000000e+02 2.004457353038897049e-01 2.805000687245637336e-01
7.600000000000000000e+02 2.034600256438506005e-01 2.774853161432458415e-01
7.700000000000000000e+02 2.064787521312700103e-01 2.744661426602706955e-01
7.800000000000000000e+02 2.094958555502285658e-01 2.714486078562358684e-01
7.900000000000000000e+02 2.125048805347896363e-01 2.684391595065013236e-01
8.000000000000000000e+02 2.154991876128203032e-01 2.654444237780365645e-01
8.100000000000000000e+02 2.184721323057119691e-01 2.624710389066368110e-01
8.200000000000000000e+02 2.214172130347362710e-01 2.595255091063955466e-01
8.300000000000000000e+02 2.243281766228562013e-01 2.566140991011979788e-01
8.400000000000000000e+02 2.271991078970284350e-01 2.537427396835396642e-01
8.500000000000000000e+02 2.300244903058869805e-01 2.509169458472979009e-01
8.600000000000000000e+02 2.327992590851173105e-01 2.481417742771955814e-01
8.700000000000000000e+02 2.355188374507418692e-01 2.454217906957439632e-01
8.800000000000000000e+02 2.381791816437353881e-01 2.427610279199687859e-01
8.900000000000000000e+02 2.407768372606057250e-01 2.401629405491029490e-01
9.000000000000000000e+02 2.433089996119664755e-01 2.376303389176839254e-01
9.100000000000000000e+02 2.457735953071180923e-01 2.351652982003593351e-01
9.200000000000000000e+02 2.481694098998363518e-01 2.327690315977963553e-01
9.300000000000000000e+02 2.504962380624040641e-01 2.304417436852317091e-01
9.400000000000000000e+02 2.527549995458995280e-01 2.281825196900058861e-01
9.500000000000000000e+02 2.549477784096242927e-01 2.259892810861514334e-01
9.600000000000000000e+02 2.570777720379515685e-01 2.238588298205363425e-01
9.700000000000000000e+02 2.591491509158214135e-01 2.217869915334116648e-01
9.800000000000000000e+02 2.611668373519456243e-01 2.197688384190613353e-01
9.900000000000000000e+02 2.631362404984904924e-01 2.177989589872801335e-01
1.000000000000000000e+03 2.650629775339918281e-01 2.158717414509432053e-01
1.010000000000000000e+03 2.669526099085268722e-01 2.139816333136416449e-01
1.020000000000000000e+03 2.688104316891471446e-01 2.121233396962778905e-01
1.030000000000000000e+03 2.706413283199812225e-01 2.102919602889931905e-01
1.040000000000000000e+03 2.724496777842721484e-01 2.084831012539527240e-01
1.050000000000000000e+03 2.742392896336547370e-01 2.066929510807162806e-01
1.060000000000000000e+03 2.760133964905734927e-01 2.049182923758053609e-01
1.070000000000000000e+03 2.777746571729243774e-01 2.031564818741341538e-01
1.080000000000000000e+03 2.795251992053034429e-01 2.014054030256919592e-01
1.090000000000000000e+03 2.812667011998400968e-01 1.996633820753201116e-01
1.100000000000000000e+03 2.830005102657938698e-01 1.979290656276040949e-01
1.110000000000000000e+03 2.847278031734126191e-01 1.962012665961865576e-01
1.120000000000000000e+03 2.864497269147234793e-01 1.944788361890014972e-01
1.130000000000000000e+03 2.881674842860025287e-01 1.927605726215748660e-01
1.140000000000000000e+03 2.898823787811993236e-01 1.910451658982709744e-01
1.150000000000000000e+03 2.915958033110483960e-01 1.893312184343924343e-01
1.160000000000000000e+03 2.933091524873470690e-01 1.876173405506522396e-01
1.170000000000000000e+03 2.950236985288093861e-01 1.859022687287176512e-01
1.180000000000000000e+03 2.967404717488160704e-01 1.841849751068480312e-01
1.190000000000000000e+03 2.984601789232690927e-01 1.824647512934117199e-01
1.200000000000000000e+03 3.001831860212506031e-01 1.807412327184577117e-01
1.210000000000000000e+03 3.019095551540754152e-01 1.790143577243402950e-01
1.220000000000000000e+03 3.036391258889495348e-01 1.772842818218228478e-01
1.230000000000000000e+03 3.053716029911135443e-01 1.755512954480397680e-01
1.240000000000000000e+03 3.071066156535616209e-01 1.738157741953531565e-01
1.250000000000000000e+03 3.088437275731553688e-01 1.720781662772250253e-01
1.260000000000000000e+03 3.105823793917004694e-01 1.703390386865358541e-01
1.270000000000000000e+03 3.123217999251612920e-01 1.685991616206285182e-01
1.280000000000000000e+03 3.140609585687526017e-01 1.668595613652732734e-01
1.290000000000000000e+03 3.157985687022402677e-01 1.651215231261535521e-01
1.300000000000000000e+03 3.175331037873994622e-01 1.633865641285935089e-01
1.310000000000000000e+03 3.192628429591315431e-01 1.616563848771983558e-01
1.320000000000000000e+03 3.209859644939810353e-01 1.599327978493768065e-01
1.330000000000000000e+03 3.227006545073189403e-01 1.582176311912290856e-01
1.340000000000000000e+03 3.244052108802611412e-01 1.565126000170902476e-01
1.350000000000000000e+03 3.260981938059688834e-01 1.548191435925595216e-01
1.360000000000000000e+03 3.277786219891611896e-01 1.531382428410319740e-01
1.370000000000000000e+03 3.294461334384047868e-01 1.514702658854867323e-01
1.380000000000000000e+03 3.311010431019553168e-01 1.498149045828334192e-01
1.390000000000000000e+03 3.327442616722453561e-01 1.481712454321741923e-01
1.400000000000000000e+03 3.343770788814389161e-01 1.465379882307803749e-01
1.410000000000000000e+03 3.360008397986798401e-01 1.449137814990926476e-01
1.420000000000000000e+03 3.376165688451029379e-01 1.432976013204448895e-01
1.430000000000000000e+03 3.392246363441787094e-01 1.416890803115520570e-01
1.440000000000000000e+03 3.408245589193475977e-01 1.400886996709171106e-01
1.450000000000000000e+03 3.424149859047309619e-01 1.384977985077226470e-01
1.460000000000000000e+03 3.439938765208507832e-01 1.369184131842040852e-01
1.470000000000000000e+03 3.455587777589083087e-01 1.353530059107989070e-01
1.480000000000000000e+03 3.471071251961377890e-01 1.338041513898512447e-01
1.490000000000000000e+03 3.486365377002353938e-01 1.322742316011329133e-01
1.500000000000000000e+03 3.501450952149400830e-01 1.307651608393123610e-01
1.510000000000000000e+03 3.516315794239048276e-01 1.292781555574915586e-01
1.520000000000000000e+03 3.530956349683999074e-01 1.278135795129635710e-01
1.530000000000000000e+03 3.545378016669770704e-01 1.263709046709073081e-01
1.540000000000000000e+03 3.559593994974015740e-01 1.249488120894132331e-01
1.550000000000000000e+03 3.573622806191394385e-01 1.235454409132657194e-01
1.560000000000000000e+03 3.587484514057561746e-01 1.221587789741188645e-01
1.570000000000000000e+03 3.601195696591109052e-01 1.207871708234644625e-01
1.580000000000000000e+03 3.614763702375741738e-01 1.194298806886909398e-01
1.590000000000000000e+03 3.628181471628204036e-01 1.180876045273396430e-01
1.600000000000000000e+03 3.641424595718821267e-01 1.167627768261717131e-01
1.610000000000000000e+03 3.654451942818455756e-01 1.154595159643272972e-01
1.620000000000000000e+03 3.667210409461827414e-01 1.141831375457779546e-01
1.630000000000000000e+03 3.679643213748464148e-01 1.129393221824843141e-01
1.640000000000000000e+03 3.691699328975782124e-01 1.117331829538079080e-01
1.650000000000000000e+03 3.703340809489555907e-01 1.105685304615656311e-01
1.660000000000000000e+03 3.714545967848288943e-01 1.094475431469127819e-01
1.670000000000000000e+03 3.725308284866765685e-01 1.083708708234779050e-01
1.680000000000000000e+03 3.735632711614387258e-01 1.073380087323951987e-01
1.690000000000000000e+03 3.745531758404991862e-01 1.063476947880394041e-01
1.700000000000000000e+03 3.755022970356803880e-01 1.053981584328931437e-01
1.710000000000000000e+03 3.764128132524799941e-01 1.044872049107754275e-01
1.720000000000000000e+03 3.772873102477847795e-01 1.036122455339270748e-01
1.730000000000000000e+03 3.781286632836726724e-01 1.027704150704050745e-01
1.740000000000000000e+03 3.789397636825670435e-01 1.019588339730869292e-01
1.750000000000000000e+03 3.797231639841339157e-01 1.011749546790797205e-01
1.760000000000000000e+03 3.804807765039788237e-01 1.004168639325742629e-01
1.770000000000000000e+03 3.812137288818542857e-01 9.968343795089455728e-02
1.780000000000000000e+03 3.819223686992039846e-01 9.897434769373388008e-02
1.790000000000000000e+03 3.826063106832666150e-01 9.828999738208152315e-02
1.800000000000000000e+03 3.832644634779553972e-01 9.763147609225414358e-02
1.810000000000000000e+03 3.838950582615004992e-01 9.700053731218621911e-02
1.820000000000000000e+03 3.844957191556936937e-01 9.639954608234933831e-02
1.830000000000000000e+03 3.850636155639362568e-01 9.583132502936703156e-02
1.840000000000000000e+03 3.855957234775440612e-01 9.529888731763441756e-02
1.850000000000000000e+03 3.860891654328674760e-01 9.480510218893678509e-02
1.860000000000000000e+03 3.865415536453398748e-01 9.435235968427012343e-02
1.870000000000000000e+03 3.869512939655228023e-01 9.394226577459466321e-02
1.880000000000000000e+03 3.873178829397549428e-01 9.357533770971816767e-02
1.890000000000000000e+03 3.876422531867285137e-01 9.325065385629817405e-02
1.900000000000000000e+03 3.879271481420990542e-01 9.296547167894647634e-02
1.910000000000000000e+03 3.881774189252348850e-01 9.271493099041806796e-02
1.920000000000000000e+03 3.884000341927710265e-01 9.249204988250123161e-02
1.930000000000000000e+03 3.886036073724694617e-01 9.228820113048716300e-02
1.940000000000000000e+03 3.887974365641251873e-01 9.209408196241594680e-02
1.950000000000000000e+03 3.889902622707947510e-01 9.190095648770285619e-02
1.960000000000000000e+03 3.891891077077280769e-01 9.170180560177688955e-02
1.970000000000000000e+03 3.893985534714602403e-01 9.149204809341597577e-02
1.980000000000000000e+03 3.896205835104069592e-01 9.126969779350840861e-02
1.990000000000000000e+03 3.898548661322509545e-01 9.103509082351443626e-02
2.000000000000000000e+03 3.900991604666855794e-01 9.079047607744740456e-02
2.010000000000000000e+03 3.903496082781056087e-01 9.053971583663626699e-02
2.020000000000000000e+03 3.906008855153539350e-01 9.028813669263070774e-02
2.030000000000000000e+03 3.908463685589607106e-01 9.004236407233333350e-02
2.040000000000000000e+03 3.910785412992615617e-01 8.980991646201941236e-02
2.050000000000000000e+03 3.912897391285226067e-01 8.959845933813051500e-02
2.060000000000000000e+03 3.914731222400877897e-01 8.941482464801556174e-02
2.070000000000000000e+03 3.916236457502401125e-01 8.926404427890556603e-02
2.080000000000000000e+03 3.917387931123115230e-01 8.914863093607679201e-02
2.090000000000000000e+03 3.918189381922526082e-01 8.906822025692463785e-02
2.100000000000000000e+03 3.918673371549081241e-01 8.901956781754905013e-02
2.110000000000000000e+03 3.918898310059059087e-01 8.899683964623689159e-02
2.120000000000000000e+03 3.918943089646255151e-01 8.899214928647553036e-02
2.130000000000000000e+03 3.918899574747179981e-01 8.899630243174597166e-02
2.140000000000000000e+03 3.918863904591675662e-01 8.899966975678919034e-02
2.150000000000000000e+03 3.918928056882098332e-01 8.899304440311643638e-02
2.160000000000000000e+03 3.919173138194056993e-01 8.896832005571579660e-02
2.170000000000000000e+03 3.919665326179248011e-01 8.891889241213501993e-02
2.180000000000000000e+03 3.920454310776905205e-01 8.883980941494569461e-02
2.190000000000000000e+03 3.921573063481091914e-01 8.872778310614827524e-02
2.200000000000000000e+03 3.923038098595988954e-01 8.858115491723564383e-02
2.210000000000000000e+03 3.924850371017553630e-01 8.839981713966382770e-02
2.220000000000000000e+03 3.926997162089908011e-01 8.818503554222689722e-02
2.230000000000000000e+03 3.929455141949138031e-01 8.793914157506577123e-02
2.240000000000000000e+03 3.932193940610924088e-01 8.766516996010255414e-02
2.250000000000000000e+03 3.935178599946133060e-01 8.736661564059747254e-02
2.260000000000000000e+03 3.938369446870705892e-01 8.704744755971625947e-02
2.270000000000000000e+03 3.941719875907855886e-01 8.671232763265650234e-02
2.280000000000000000e+03 3.945174709615162922e-01 8.636677553947649799e-02
2.290000000000000000e+03 3.948672196859571160e-01 8.601696894260690840e-02
2.300000000000000000e+03 3.952150898484498853e-01 8.566905233657835794e-02
2.310000000000000000e+03 3.955559496151067611e-01 8.532815584037445333e-02
2.320000000000000000e+03 3.958865199014408032e-01 8.499755829599360546e-02
2.330000000000000000e+03 3.962056844267952682e-01 8.467837157252915137e-02
2.340000000000000000e+03 3.965142230457172068e-01 8.436980533791836601e-02
2.350000000000000000e+03 3.968142716581330998e-01 8.406971421527009714e-02
2.360000000000000000e+03 3.971089130061175587e-01 8.377501211250981683e-02
2.370000000000000000e+03 3.974020976055048227e-01 8.348175294905564592e-02
2.380000000000000000e+03 3.976987246476941240e-01 8.318504237662695255e-02
2.390000000000000000e+03 3.980045142215695719e-01 8.287915883198761213e-02
2.400000000000000000e+03 3.983254107072485284e-01 8.255815803976045142e-02
2.410000000000000000e+03 3.986665644735173375e-01 8.221689966288996121e-02
2.420000000000000000e+03 3.990312477381793288e-01 8.185212511019542003e-02
2.430000000000000000e+03 3.994201406368239615e-01 8.146316225399363731e-02
2.440000000000000000e+03 3.998312024665164333e-01 8.105205059705512805e-02
2.450000000000000000e+03 4.002600190330301566e-01 8.062320200538394821e-02
2.460000000000000000e+03 4.007003200099552576e-01 8.018288775023521553e-02
2.470000000000000000e+03 4.011444311264852902e-01 7.973877610722537868e-02
2.480000000000000000e+03 4.015836951446670744e-01 7.929951593993740666e-02
2.490000000000000000e+03 4.020090347647614082e-01 7.887418111358643347e-02
2.500000000000000000e+03 4.024117970111447118e-01 7.847142679217727901e-02
2.510000000000000000e+03 4.027847953957586213e-01 7.809844590402464926e-02
2.520000000000000000e+03 4.031232132420765057e-01 7.776005976841070255e-02
2.530000000000000000e+03 4.034249860245316399e-01 7.745833332018631223e-02
2.540000000000000000e+03 4.036904688104234196e-01 7.719290434341227747e-02
2.550000000000000000e+03 4.039215443548829776e-01 7.696187937187914940e-02
2.560000000000000000e+03 4.041205731075752650e-01 7.676289363675385669e-02
2.570000000000000000e+03 4.042895931075949356e-01 7.659391241904307812e-02
2.580000000000000000e+03 4.044299747275660328e-01 7.645356715706876083e-02
2.590000000000000000e+03 4.045424419066198096e-01 7.634113404936564151e-02
2.600000000000000000e+03 4.046271427439311896e-01 7.625646711892961060e-02
2.610000000000000000e+03 4.046834880271016899e-01 7.620015405457894464e-02
2.620000000000000000e+03 4.047097519648323871e-01 7.617391268640515134e-02
2.630000000000000000e+03 4.047027044526064210e-01 7.618096534304337475e-02
2.640000000000000000e+03 4.046576396893792338e-01 7.622601664729297677e-02
2.650000000000000000e+03 4.045690111183758431e-01 7.631461448156540150e-02
2.660000000000000000e+03 4.044315560621680739e-01 7.645202131518091804e-02
2.670000000000000000e+03 4.042414727851840195e-01 7.664204441770940124e-02
2.680000000000000000e+03 4.039971171637083969e-01 7.688634017695232525e-02
2.690000000000000000e+03 4.036989416053180513e-01 7.718446743266531296e-02
2.700000000000000000e+03 4.033488121937400250e-01 7.753456402933443792e-02
2.710000000000000000e+03 4.029491305983199378e-01 7.793422680923056678e-02
2.720000000000000000e+03 4.025021838057692980e-01 7.838116730466315740e-02
2.730000000000000000e+03 4.020099064532751676e-01 7.887344899221514216e-02
2.740000000000000000e+03 4.014739584464741551e-01 7.940940640985966192e-02
2.750000000000000000e+03 4.008958738216041873e-01 7.998749922213248265e-02
2.760000000000000000e+03 4.002770771137142969e-01 8.060630069182667112e-02
2.770000000000000000e+03 3.996187368702266984e-01 8.126464412118353242e-02
2.780000000000000000e+03 3.989216001422946078e-01 8.196178476205666363e-02
2.790000000000000000e+03 3.981860080801462032e-01 8.269738290226646971e-02
2.800000000000000000e+03 3.974121992980417239e-01 8.347119999027839687e-02
2.810000000000000000e+03 3.966008381251283632e-01 8.428257289634016880e-02
2.820000000000000000e+03 3.957535427571986508e-01 8.512988891600622998e-02
2.830000000000000000e+03 3.948731394508274151e-01 8.601032930144071609e-02
2.840000000000000000e+03 3.939634771851894257e-01 8.692004845025021187e-02
2.850000000000000000e+03 3.930288416601250834e-01 8.785475710291046347e-02
2.860000000000000000e+03 3.920732028367251432e-01 8.881047811178162388e-02
2.870000000000000000e+03 3.910996078115451802e-01 8.978415766593431102e-02
2.880000000000000000e+03 3.901099580388311949e-01 9.077389036025122759e-02
2.890000000000000000e+03 3.891052104950237234e-01 9.177872011060775326e-02
2.900000000000000000e+03 3.880858175687880163e-01 9.279819573799526211e-02
2.910000000000000000e+03 3.870521446377785946e-01 9.383195118294593295e-02
2.920000000000000000e+03 3.860046759657375093e-01 9.487950194487707045e-02
2.930000000000000000e+03 3.849439895937398215e-01 9.594027101013166692e-02
2.940000000000000000e+03 3.838706442970236665e-01 9.701370244769760842e-02
2.950000000000000000e+03 3.827851686271177001e-01 9.809927235901473586e-02
2.960000000000000000e+03 3.816882652525539488e-01 9.919628274007070978e-02
2.970000000000000000e+03 3.805812003955608702e-01 1.003034682019634249e-01
2.980000000000000000e+03 3.794662236535510380e-01 1.014185739371528810e-01
2.990000000000000000e+03 3.783468164500575770e-01 1.025381110644641436e-01
3.000000000000000000e+03 3.772276099434284657e-01 1.036574457944518801e-01
3.010000000000000000e+03 3.761139312197748774e-01 1.047712542636533711e-01
3.020000000000000000e+03 3.750110903731960210e-01 1.058742309068178983e-01
3.030000000000000000e+03 3.739236430345785900e-01 1.069618222181137751e-01
3.040000000000000000e+03 3.728549096085586045e-01 1.080307068442110940e-01
3.050000000000000000e+03 3.718069705586318774e-01 1.090788026713378767e-01
3.060000000000000000e+03 3.707811767860926810e-01 1.101047589036523722e-01
3.070000000000000000e+03 3.697789830354064056e-01 1.111071243919659890e-01
3.080000000000000000e+03 3.688027327461002036e-01 1.120835619696427948e-01
3.090000000000000000e+03 3.678560108799187600e-01 1.130304920706478033e-01
3.100000000000000000e+03 3.669433679400741499e-01 1.139433634707481963e-01
3.110000000000000000e+03 3.660695289134609509e-01 1.148174428605972103e-01
3.120000000000000000e+03 3.652384629340273969e-01 1.156487507136581133e-01
3.130000000000000000e+03 3.644527539271827932e-01 1.164346969848215202e-01
3.140000000000000000e+03 3.637135605925624349e-01 1.171741216065269042e-01
3.150000000000000000e+03 3.630211754022771298e-01 1.178667323788080840e-01
3.160000000000000000e+03 3.623759235535201073e-01 1.185122038964779301e-01
3.170000000000000000e+03 3.617790071443557909e-01 1.191093343522649922e-01
3.180000000000000000e+03 3.612329378239376165e-01 1.196556124813327876e-01
3.190000000000000000e+03 3.607413859979728410e-01 1.201473674954425114e-01
3.200000000000000000e+03 3.603085092119748256e-01 1.205804420220430995e-01
3.210000000000000000e+03 3.599380225042377868e-01 1.209511230418645888e-01
3.220000000000000000e+03 3.596323836595388124e-01 1.212569577777411617e-01
3.230000000000000000e+03 3.593924345558087152e-01 1.214971117293698194e-01
3.240000000000000000e+03 3.592176698536854174e-01 1.216720965565982887e-01
3.250000000000000000e+03 3.591070537390766426e-01 1.217829495445679477e-01
3.260000000000000000e+03 3.590600742860340366e-01 1.218301800779874461e-01
3.270000000000000000e+03 3.590776074552644026e-01 1.218129089786062352e-01
3.280000000000000000e+03 3.591622229264832544e-01 1.217285627589526770e-01
3.290000000000000000e+03 3.593177858355843246e-01 1.215732717995819806e-01
3.300000000000000000e+03 3.595484830116817410e-01 1.213428475256037031e-01
3.310000000000000000e+03 3.598576185895304147e-01 1.210339876642143042e-01
3.320000000000000000e+03 3.602466183375089837e-01 1.206452674250144685e-01
3.330000000000000000e+03 3.607146182681144619e-01 1.201775473914898917e-01
3.340000000000000000e+03 3.612588032398231785e-01 1.196336387568315979e-01
3.350000000000000000e+03 3.618753797657125459e-01 1.190173373067480445e-01
3.360000000000000000e+03 3.625608256529886386e-01 1.183321725841384869e-01
3.370000000000000000e+03 3.633129512572950137e-01 1.175803417526066763e-01
3.380000000000000000e+03 3.641313501457241752e-01 1.167622568564887081e-01
3.390000000000000000e+03 3.650170210258125159e-01 1.158769209622994983e-01
3.400000000000000000e+03 3.659712726255072712e-01 1.149230201122048434e-01
3.410000000000000000e+03 3.669943576872505830e-01 1.139002922442785004e-01
3.420000000000000000e+03 3.680844304176125736e-01 1.128105741224685321e-01
3.430000000000000000e+03 3.692373038516066353e-01 1.116580429937337887e-01
3.440000000000000000e+03 3.704471497104989686e-01 1.104485215835071532e-01
3.450000000000000000e+03 3.717078419049469895e-01 1.091881420242907519e-01
3.460000000000000000e+03 3.730143445695509596e-01 1.078819531298009921e-01
3.470000000000000000e+03 3.743635628244492142e-01 1.065330554441486915e-01
3.480000000000000000e+03 3.757543613685045969e-01 1.051425786850108401e-01
3.490000000000000000e+03 3.771868105575664210e-01 1.037104463203242233e-01
3.500000000000000000e+03 3.786609742837356851e-01 1.022365946710648565e-01
3.510000000000000000e+03 3.801756535624644662e-01 1.007222251255883438e-01
3.520000000000000000e+03 3.817274447969691287e-01 9.917074099813730226e-02
3.530000000000000000e+03 3.833103336233439351e-01 9.758815631374995192e-02
3.540000000000000000e+03 3.849159021470265341e-01 9.598289087794238672e-02
3.550000000000000000e+03 3.865341125042203174e-01 9.436498511348302698e-02
3.560000000000000000e+03 3.881545198891965254e-01 9.274488500924446543e-02
3.570000000000000000e+03 3.897676582725571603e-01 9.113205450610463443e-02
3.580000000000000000e+03 3.913662726511976109e-01 8.953374556750617885e-02
3.590000000000000000e+03 3.929460612178494183e-01 8.795425964062143775e-02
3.600000000000000000e+03 3.945056806284238937e-01 8.639494126750141278e-02
3.610000000000000000e+03 3.960459736147129428e-01 8.485494770143614529e-02
3.620000000000000000e+03 3.975686374867475337e-01 8.333258095175015423e-02
3.630000000000000000e+03 3.990747624948053351e-01 8.182675087029965544e-02
3.640000000000000000e+03 4.005637363788245309e-01 8.033807122564627645e-02
3.650000000000000000e+03 4.020328611380952211e-01 7.886924125996808144e-02
3.660000000000000000e+03 4.034777128492354481e-01 7.742468429136017960e-02
3.670000000000000000e+03 4.048929662153825104e-01 7.600972388511427480e-02
3.680000000000000000e+03 4.062732962608802123e-01 7.462968272959105698e-02
3.690000000000000000e+03 4.076141077038931693e-01 7.328915344838213275e-02
3.700000000000000000e+03 4.089120595409451719e-01 7.199147367413330501e-02
3.710000000000000000e+03 4.101654433845772219e-01 7.073834914928348039e-02
3.720000000000000000e+03 4.113743691004593250e-01 6.952967094910875168e-02
3.730000000000000000e+03 4.125405573353285726e-01 6.836372071378138404e-02
3.740000000000000000e+03 4.136665672719008757e-01 6.723793869655675381e-02
3.750000000000000000e+03 4.147545587147431490e-01 6.615016505802380486e-02
3.760000000000000000e+03 4.158050348671378238e-01 6.509990135421911406e-02
3.770000000000000000e+03 4.168161883964131564e-01 6.408896120801625684e-02
3.780000000000000000e+03 4.177842906372637999e-01 6.312107707491269870e-02
3.790000000000000000e+03 4.187050555947989250e-01 6.220053620510282433e-02
3.800000000000000000e+03 4.195753951512762869e-01 6.133042879991051910e-02
3.810000000000000000e+03 4.203947851055889751e-01 6.051128116685261515e-02
3.820000000000000000e+03 4.211656938078781054e-01 5.974062181206361150e-02
3.830000000000000000e+03 4.218929885382114442e-01 5.901357454382694101e-02
3.840000000000000000e+03 4.225826241603694577e-01 5.832417536421593413e-02
3.850000000000000000e+03 4.232400844398914730e-01 5.766693682285033845e-02
3.860000000000000000e+03 4.238690175052326481e-01 5.703821254963187259e-02
3.870000000000000000e+03 4.244704012430134954e-01 5.643702683088611116e-02
3.880000000000000000e+03 4.250424706657180973e-01 5.586514401686014375e-02
3.890000000000000000e+03 4.255815169621390281e-01 5.532627315053754991e-02
3.900000000000000000e+03 4.260834467048947860e-01 5.482451170042969973e-02
3.910000000000000000e+03 4.265456713371915121e-01 5.436245334639797783e-02
3.920000000000000000e+03 4.269686098093005144e-01 5.393968079949270494e-02
3.930000000000000000e+03 4.273560735198623783e-01 5.355237858567789971e-02
3.940000000000000000e+03 4.277142343269916269e-01 5.319436880405012391e-02
3.950000000000000000e+03 4.280495976331757935e-01 5.285914442071433517e-02
3.960000000000000000e+03 4.283669721530986574e-01 5.254190013105002055e-02
3.970000000000000000e+03 4.286684235978470703e-01 5.224057305604635354e-02
3.980000000000000000e+03 4.289535722411943475e-01 5.195554140125399623e-02
3.990000000000000000e+03 4.292207693820417336e-01 5.168845087947331746e-02
4.000000000000000000e+03 4.294682604495513867e-01 5.144105601628550656e-02
4.010000000000000000e+03 4.296947057236150669e-01 5.121470016235930844e-02
4.020000000000000000e+03 4.298991188462419344e-01 5.101037476442862872e-02
4.030000000000000000e+03 4.300808014646099187e-01 5.082878117607217416e-02
4.040000000000000000e+03 4.302397790976557057e-01 5.066989255291236283e-02
4.050000000000000000e+03 4.303776430313759893e-01 5.053211341247953320e-02
4.060000000000000000e+03 4.304980676162969422e-01 5.041176547264859115e-02
4.070000000000000000e+03 4.306061780081849588e-01 5.030372053042962005e-02
4.080000000000000000e+03 4.307066194195665054e-01 5.020333218701256844e-02
4.090000000000000000e+03 4.308012260207669253e-01 5.010876869917326587e-02
4.100000000000000000e+03 4.308878169867990660e-01 5.002221578794974199e-02
4.110000000000000000e+03 4.309612490764881954e-01 4.994882066315915053e-02
4.120000000000000000e+03 4.310165069971302332e-01 4.989359958721917981e-02
4.130000000000000000e+03 4.310521524091308621e-01 4.985798952948194279e-02
4.140000000000000000e+03 4.310719635635773539e-01 4.983821039234629519e-02
4.150000000000000000e+03 4.310835891558347788e-01 4.982661283932195845e-02
4.160000000000000000e+03 4.310949561103934458e-01 4.981527147836132402e-02
4.170000000000000000e+03 4.311106985785905787e-01 4.979955435791922486e-02
4.180000000000000000e+03 4.311308716770319016e-01 4.977940688223735088e-02
4.190000000000000000e+03 4.311526009013964544e-01 4.975770213089865390e-02
4.200000000000000000e+03 4.311732691410854468e-01 4.973705598837756259e-02
4.210000000000000000e+03 4.311929142780415170e-01 4.971743146151415965e-02
4.220000000000000000e+03 4.312143821394447962e-01 4.969598630340857359e-02
4.230000000000000000e+03 4.312416613344886018e-01 4.966873613841928797e-02
4.240000000000000000e+03 4.312781204575506511e-01 4.963231546329332361e-02
4.250000000000000000e+03 4.313260421525942911e-01 4.958444280224275080e-02
4.260000000000000000e+03 4.313873554018373691e-01 4.952318727079760285e-02
4.270000000000000000e+03 4.314642484357000818e-01 4.944635750972228849e-02
4.280000000000000000e+03 4.315584953747165775e-01 4.935217869103364352e-02
4.290000000000000000e+03 4.316696986426358795e-01 4.924104992569713207e-02
4.300000000000000000e+03 4.317939704468644613e-01 4.911686001200154389e-02
4.310000000000000000e+03 4.319245848845051916e-01 4.898633379335903815e-02
4.320000000000000000e+03 4.320547490587824946e-01 4.885626150887121405e-02
4.330000000000000000e+03 4.321810112712230478e-01 4.873009313832226547e-02
4.340000000000000000e+03 4.323052249721725526e-01 4.860597583389551779e-02
4.350000000000000000e+03 4.324338163477208785e-01 4.847748460660179781e-02
4.360000000000000000e+03 4.325747203494516024e-01 4.833668534652509757e-02
4.370000000000000000e+03 4.327336592710000485e-01 4.817785738889578118e-02
4.380000000000000000e+03 4.329116761701148897e-01 4.799995976205426867e-02
4.390000000000000000e+03 4.331050089402524450e-01 4.780675564832890384e-02
4.400000000000000000e+03 4.333071120229728401e-01 4.760479128718594216e-02
4.410000000000000000e+03 4.335116275815462106e-01 4.740042525599688639e-02
4.420000000000000000e+03 4.337148271278195022e-01 4.719738595225951572e-02
4.430000000000000000e+03 4.339164990572459413e-01 4.699588257323810553e-02
4.440000000000000000e+03 4.341191102104347554e-01 4.679344415604694968e-02
4.450000000000000000e+03 4.343258344840297269e-01 4.658689412673078928e-02
4.460000000000000000e+03 4.345383933241200314e-01 4.637451262458548024e-02
4.470000000000000000e+03 4.347555907105669082e-01 4.615749956597837989e-02
4.480000000000000000e+03 4.349731308868870494e-01 4.594015282276356360e-02
4.490000000000000000e+03 4.351848694633739245e-01 4.572861523888742397e-02
4.500000000000000000e+03 4.353850933827996261e-01 4.552859706202911499e-02
4.510000000000000000e+03 4.355708981365243870e-01 4.534300227053179866e-02
4.520000000000000000e+03 4.357435491265623240e-01 4.517056733747442515e-02
4.530000000000000000e+03 4.359081152061677344e-01 4.500622601620609536e-02
4.540000000000000000e+03 4.360715004629553970e-01 4.484307651435879422e-02
4.550000000000000000e+03 4.362397951114229677e-01 4.467503022942759944e-02
4.560000000000000000e+03 4.364161429825840766e-01 4.449894416215657844e-02
4.570000000000000000e+03 4.365999572577031196e-01 4.431540558491216253e-02
4.580000000000000000e+03 4.367875715512305468e-01 4.412808145145992456e-02
4.590000000000000000e+03 4.369737263415475192e-01 4.394223110629566498e-02
4.600000000000000000e+03 4.371530274376830838e-01 4.376324750021452076e-02
4.610000000000000000e+03 4.373207717302174391e-01 4.359583294922773217e-02
4.620000000000000000e+03 4.374730976376999259e-01 4.344384897724305056e-02
4.630000000000000000e+03 4.376068910735964046e-01 4.331040974328378979e-02
4.640000000000000000e+03 4.377199362982778785e-01 4.319773142116625081e-02
4.650000000000000000e+03 4.378114455452703502e-01 4.310660356882009547e-02
4.660000000000000000e+03 4.378826512183154329e-01 4.303579622266037741e-02
4.670000000000000000e+03 4.379369527279193264e-01 4.298191135819637992e-02
4.680000000000000000e+03 4.379792759985507988e-01 4.294002344969837653e-02
4.690000000000000000e+03 4.380146930939951000e-01 4.290506012375826239e-02
4.700000000000000000e+03 4.380467645950758548e-01 4.287345925436783500e-02
4.710000000000000000e+03 4.380762980463931977e-01 4.284441081707662802e-02
4.720000000000000000e+03 4.381010918612219807e-01 4.282011490191753311e-02
4.730000000000000000e+03 4.381167698121560261e-01 4.280494778154804447e-02
4.740000000000000000e+03 4.381182844631934525e-01 4.280395697961508761e-02
4.750000000000000000e+03 4.381014149218120379e-01 4.282136376294998908e-02
4.760000000000000000e+03 4.380637251806977495e-01 4.285960585270680301e-02
4.770000000000000000e+03 4.380048232460175273e-01 4.291907648944465886e-02
4.780000000000000000e+03 4.379260689570967369e-01 4.299841491692960038e-02
4.790000000000000000e+03 4.378299444964935394e-01 4.309513712559640691e-02
4.800000000000000000e+03 4.377192250192462053e-01 4.320646598397103605e-02
4.810000000000000000e+03 4.375960718533210558e-01 4.333023701000435907e-02
4.820000000000000000e+03 4.374612701178650087e-01 4.346566118088172198e-02
4.830000000000000000e+03 4.373139205327311041e-01 4.361363470839588197e-02
4.840000000000000000e+03 4.371518193516554796e-01 4.377636066591132635e-02
4.850000000000000000e+03 4.369724664257449986e-01 4.395634079047647247e-02
4.860000000000000000e+03 4.367742680302352798e-01 4.415517141776131166e-02
4.870000000000000000e+03 4.365573078317548927e-01 4.437277194683229842e-02
4.880000000000000000e+03 4.363232414846593965e-01 4.460748966907835539e-02
4.890000000000000000e+03 4.360743824888830278e-01 4.485701339478029293e-02
4.900000000000000000e+03 4.358125580339932692e-01 4.511951663079369346e-02
4.910000000000000000e+03 4.355384388619211733e-01 4.539432692542919728e-02
4.920000000000000000e+03 4.352516834772514609e-01 4.568178267176373208e-02
4.930000000000000000e+03 4.349516781689072853e-01 4.598249511386300753e-02
4.940000000000000000e+03 4.346383196323085341e-01 4.629656661420728653e-02
4.950000000000000000e+03 4.343123644003384354e-01 4.662324025522152776e-02
4.960000000000000000e+03 4.339752458486617614e-01 4.696108213032944290e-02
4.970000000000000000e+03 4.336286367360079330e-01 4.730841843649349898e-02
4.980000000000000000e+03 4.332741267125919116e-01 4.766365838059988258e-02
4.990000000000000000e+03 4.329131249624659783e-01 4.802539159529043561e-02
5.000000000000000000e+03 4.325467616371208024e-01 4.839248696609592393e-02
5.010000000000000000e+03 4.321755065727171941e-01 4.876447423883498861e-02
5.020000000000000000e+03 4.317985511812263977e-01 4.914216163459505377e-02
5.030000000000000000e+03 4.314134344739062876e-01 4.952801014824467774e-02
5.040000000000000000e+03 4.310165118091271452e-01 4.992566539547670101e-02
5.050000000000000000e+03 4.306044620417821545e-01 5.033845017415359419e-02
5.060000000000000000e+03 4.301762931451416638e-01 5.076735781500052447e-02
5.070000000000000000e+03 4.297347418349700687e-01 5.120965125504796378e-02
5.080000000000000000e+03 4.292860654868442261e-01 5.165907144260480088e-02
5.090000000000000000e+03 4.288380435801341650e-01 5.210783626392476858e-02
5.100000000000000000e+03 4.283970419922927819e-01 5.254957701234438255e-02
5.110000000000000000e+03 4.279655640352971746e-01 5.298178836105552070e-02
5.120000000000000000e+03 4.275414851121399074e-01 5.340659401580245130e-02
5.130000000000000000e+03 4.271193024503568414e-01 5.382949738364085218e-02
5.140000000000000000e+03 4.266927127308018930e-01 5.425680335162137713e-02
5.150000000000000000e+03 4.262572387426087905e-01 5.469299061138878371e-02
5.160000000000000000e+03 4.258117746443781382e-01 5.513916690281839283e-02
5.170000000000000000e+03 4.253586241168784698e-01 5.559303088680836447e-02
5.180000000000000000e+03 4.249023550160467844e-01 5.605001683409159552e-02
5.190000000000000000e+03 4.244481595171826216e-01 5.650493348315171332e-02
5.200000000000000000e+03 4.240003564975367567e-01 5.695346139138611485e-02
5.210000000000000000e+03 4.235614254062688988e-01 5.739311952003900430e-02
5.220000000000000000e+03 4.231316910909967421e-01 5.782358085873578329e-02
5.230000000000000000e+03 4.227095352477888701e-01 5.824646137508555227e-02
5.240000000000000000e+03 4.222918843979176495e-01 5.866483263235887369e-02
5.250000000000000000e+03 4.218748159957280697e-01 5.908261639473069704e-02
5.260000000000000000e+03 4.214543351774959201e-01 5.950380726919580338e-02
5.270000000000000000e+03 4.210274581365737179e-01 5.993138830187036414e-02
5.280000000000000000e+03 4.205935260706320511e-01 6.036601685947903806e-02
5.290000000000000000e+03 4.201552606409743040e-01 6.080496952483263606e-02
5.300000000000000000e+03 4.197188287114980709e-01 6.124207790242737481e-02
5.310000000000000000e+03 4.192924799281260717e-01 6.166909193017205970e-02
5.320000000000000000e+03 4.188840900424243285e-01 6.207813703071782957e-02
5.330000000000000000e+03 4.184986571346371309e-01 6.246421650508606621e-02
5.340000000000000000e+03 4.181369233214249914e-01 6.282658858412315528e-02
5.350000000000000000e+03 4.177957246065858166e-01 6.316841747905552196e-02
5.360000000000000000e+03 4.174697846486086217e-01 6.349498091485954177e-02
5.370000000000000000e+03 4.171540163492308273e-01 6.381136828256418758e-02
5.380000000000000000e+03 4.168453024055305267e-01 6.412069933186652360e-02
5.390000000000000000e+03 4.165431312830541466e-01 6.442348804463522705e-02
5.400000000000000000e+03 4.162490647217966799e-01 6.471817487082819065e-02
5.410000000000000000e+03 4.159654947856721297e-01 6.500236990882542198e-02
5.420000000000000000e+03 4.156943297077617117e-01 6.527416687133222317e-02
5.430000000000000000e+03 4.154361379298732171e-01 6.553299822311395295e-02
5.440000000000000000e+03 4.151900079822058443e-01 6.577977536113753521e-02
5.450000000000000000e+03 4.149540847209995387e-01 6.601635257767547726e-02
5.460000000000000000e+03 4.147265086804904355e-01 6.624458771144647873e-02
5.470000000000000000e+03 4.145063445891453147e-01 6.646541410549854090e-02
5.480000000000000000e+03 4.142940621317296457e-01 6.667836073797610286e-02
5.490000000000000000e+03 4.140912736571861763e-01 6.688181516779007074e-02
5.500000000000000000e+03 4.138997471437981246e-01 6.707401036576059183e-02
5.510000000000000000e+03 4.137200834553043660e-01 6.725434714486780430e-02
5.520000000000000000e+03 4.135506572763804067e-01 6.742445241945269063e-02
5.530000000000000000e+03 4.133873324070329036e-01 6.758846359636012935e-02
5.540000000000000000e+03 4.132241342413976448e-01 6.775235617657128506e-02
5.550000000000000000e+03 4.130546911121127929e-01 6.792250276126766961e-02
5.560000000000000000e+03 4.128739847942515806e-01 6.810392294343708963e-02
5.570000000000000000e+03 4.126798429542231084e-01 6.829879047549329563e-02
5.580000000000000000e+03 4.124737026801336692e-01 6.850566860934308167e-02
5.590000000000000000e+03 4.122604517798432733e-01 6.871966833012317644e-02
5.600000000000000000e+03 4.120474754650372273e-01 6.893340258261433651e-02
5.610000000000000000e+03 4.118432287502628020e-01 6.913841495213131350e-02
5.620000000000000000e+03 4.116556704584336535e-01 6.932674599814744876e-02
5.630000000000000000e+03 4.114908296508554275e-01 6.949236660849407443e-02
5.640000000000000000e+03 4.113517447055983767e-01 6.963223869521002751e-02
5.650000000000000000e+03 4.112380345247018121e-01 6.974674391136027884e-02
5.660000000000000000e+03 4.111463371436633873e-01 6.983924503745596313e-02
5.670000000000000000e+03 4.110716671502019359e-01 6.991472864809983312e-02
5.680000000000000000e+03 4.110093909619658703e-01 6.997782989432727030e-02
5.690000000000000000e+03 4.109571584793350607e-01 7.003090052588903380e-02
5.700000000000000000e+03 4.109160054560366260e-01 7.007290588155597189e-02
5.710000000000000000e+03 4.108901075780034273e-01 7.009967030914432407e-02
5.720000000000000000e+03 4.108852482372929438e-01 7.010540983327627484e-02
5.730000000000000000e+03 4.109066564840657132e-01 7.008489527934462504e-02
5.740000000000000000e+03 4.109571503516528668e-01 7.003530924632415944e-02
5.750000000000000000e+03 4.110363362194227599e-01 6.995704610981332006e-02
5.760000000000000000e+03 4.111410676820431709e-01 6.985325229208594333e-02
5.770000000000000000e+03 4.112667667227767887e-01 6.972850485002439480e-02
5.780000000000000000e+03 4.114089126007778319e-01 6.958732342743251253e-02
5.790000000000000000e+03 4.115641529486843697e-01 6.943305997723371592e-02
5.800000000000000000e+03 4.117308865586338795e-01 6.926731582152730049e-02
5.810000000000000000e+03 4.119094560559743434e-01 6.908974854009407307e-02
5.820000000000000000e+03 4.121021070347939408e-01 6.889811280999481868e-02
5.830000000000000000e+03 4.123127368356161448e-01 6.868851164701583745e-02
5.840000000000000000e+03 4.125463653796514474e-01 6.845592527396769655e-02
5.850000000000000000e+03 4.128083043281212117e-01 6.819504190845308844e-02
5.860000000000000000e+03 4.131031574525582117e-01 6.790125732287891069e-02
5.870000000000000000e+03 4.134339526634439044e-01 6.757154267338749687e-02
5.880000000000000000e+03 4.138017435318992465e-01 6.720484299836256004e-02
5.890000000000000000e+03 4.142058558185724437e-01 6.680183071721275401e-02
5.900000000000000000e+03 4.146446536809672012e-01 6.636413962851069048e-02
5.910000000000000000e+03 4.151164154413343743e-01 6.589348969812726386e-02
5.920000000000000000e+03 4.156198239242404058e-01 6.539119719507950623e-02
5.930000000000000000e+03 4.161537858131899026e-01 6.485835539662035409e-02
5.940000000000000000e+03 4.167166925276986622e-01 6.429657329207401351e-02
5.950000000000000000e+03 4.173055787477994438e-01 6.370881629804288349e-02
5.960000000000000000e+03 4.179157247365374306e-01 6.309980356584495020e-02
5.970000000000000000e+03 4.185410291696442520e-01 6.247563571581377789e-02
5.980000000000000000e+03 4.191750556342271339e-01 6.184274927147668383e-02
5.990000000000000000e+03 4.198122766539305606e-01 6.120667252343532649e-02
6.000000000000000000e+03 4.204489517628560158e-01 6.057114659306261223e-02
6.010000000000000000e+03 4.210833283759489731e-01 5.993792437380349863e-02
6.020000000000000000e+03 4.217152690692707040e-01 5.930714362127821604e-02
6.030000000000000000e+03 4.223457185357751276e-01 5.867786025042643488e-02
6.040000000000000000e+03 4.229764061240078310e-01 5.804834579001301453e-02
6.050000000000000000e+03 4.236098143210085265e-01 5.741611834295798356e-02
6.060000000000000000e+03 4.242490217433503297e-01 5.677809919555999729e-02
6.070000000000000000e+03 4.248969769044403932e-01 5.613133947826542958e-02
6.080000000000000000e+03 4.255552171859484090e-01 5.547430159703113650e-02
6.090000000000000000e+03 4.262226672668906757e-01 5.480806053404144174e-02
6.100000000000000000e+03 4.268953912807861295e-01 5.413655142543715576e-02
6.110000000000000000e+03 4.275677738737698186e-01 5.346538865802024504e-02
6.120000000000000000e+03 4.282347810031935653e-01 5.279960556342627731e-02
6.130000000000000000e+03 4.288942243839028445e-01 5.214139027271340321e-02
6.140000000000000000e+03 4.295478093239660233e-01 5.148903775509310055e-02
6.150000000000000000e+03 4.302003016466509622e-01 5.083778262164943829e-02
6.160000000000000000e+03 4.308570893521431189e-01 5.018223736474836799e-02
6.170000000000000000e+03 4.315212244846348688e-01 4.951935062895649470e-02
6.180000000000000000e+03 4.321912912601650891e-01 4.885053918350205915e-02
6.190000000000000000e+03 4.328610305622098142e-01 4.818206326562561592e-02
6.200000000000000000e+03 4.335208042172983833e-01 4.752356186267230054e-02
6.210000000000000000e+03 4.341602038361097038e-01 4.688544349779370096e-02
6.220000000000000000e+03 4.347708094916627464e-01 4.627612762757334075e-02
6.230000000000000000e+03 4.353483214057836670e-01 4.569991339048902479e-02
6.240000000000000000e+03 4.358937179073481549e-01 4.515582173973282237e-02
6.250000000000000000e+03 4.364133690002126031e-01 4.463748154269254337e-02
6.260000000000000000e+03 4.369180408919961511e-01 4.413412497688690150e-02
6.270000000000000000e+03 4.374206968474798063e-01 4.363278706836219711e-02
6.280000000000000000e+03 4.379332588881965638e-01 4.312154451446948561e-02
6.290000000000000000e+03 4.384630684364067554e-01 4.259305514618853122e-02
6.300000000000000000e+03 4.390102971727863346e-01 4.204714690636363744e-02
6.310000000000000000e+03 4.395675249337234747e-01 4.149123988563794413e-02
6.320000000000000000e+03 4.401219495648229230e-01 4.093813643291455140e-02
6.330000000000000000e+03 4.406595694774370631e-01 4.040183841677432580e-02
6.340000000000000000e+03 4.411698020823754396e-01 3.989292828474447217e-02
6.350000000000000000e+03 4.416488049052667009e-01 3.941524751954202099e-02
6.360000000000000000e+03 4.421003016231357940e-01 3.896507085362968525e-02
6.370000000000000000e+03 4.425337567787862580e-01 3.853293270467324921e-02
6.380000000000000000e+03 4.429608294719801775e-01 3.810717456918180646e-02
6.390000000000000000e+03 4.433915790007147972e-01 3.767773943726888952e-02
6.400000000000000000e+03 4.438316335451371053e-01 3.723900223145670124e-02
6.410000000000000000e+03 4.442808540673864326e-01 3.679110459981143472e-02
6.420000000000000000e+03 4.447335303671982598e-01 3.633975750287982837e-02
6.430000000000000000e+03 4.451799700400175808e-01 3.589465180869670646e-02
6.440000000000000000e+03 4.456091824101389709e-01 3.546677536541031905e-02
6.450000000000000000e+03 4.460120334912334727e-01 3.506525974878677010e-02
6.460000000000000000e+03 4.463839189942224173e-01 3.469470843310965003e-02
6.470000000000000000e+03 4.467259618429071377e-01 3.435399937574545176e-02
6.480000000000000000e+03 4.470441759699056994e-01 3.403712040763362534e-02
6.490000000000000000e+03 4.473468922842331330e-01 3.373574228525683810e-02
6.500000000000000000e+03 4.476415847221201227e-01 3.344239230995803280e-02
6.510000000000000000e+03 4.479324785471050507e-01 3.315284640317220366e-02
6.520000000000000000e+03 4.482197925348574419e-01 3.286688754037744159e-02
6.530000000000000000e+03 4.485005823145435944e-01 3.258746283406600136e-02
6.540000000000000000e+03 4.487704882470771595e-01 3.231893548948814449e-02
6.550000000000000000e+03 4.490255078621532281e-01 3.206531170858442636e-02
6.560000000000000000e+03 4.492631428064841059e-01 3.182909270917521488e-02
6.570000000000000000e+03 4.494827306548941359e-01 3.161094210966028384e-02
6.580000000000000000e+03 4.496852273122017296e-01 3.140990353860611400e-02
6.590000000000000000e+03 4.498728698158215300e-01 3.122373827035863914e-02
6.600000000000000000e+03 4.500488674212684281e-01 3.104923443505594807e-02
6.610000000000000000e+03 4.502167921843447940e-01 3.088281702317161384e-02
6.620000000000000000e+03 4.503792685030714726e-01 3.072185911738020692e-02
6.630000000000000000e+03 4.505362346295962994e-01 3.056642028919911297e-02
6.640000000000000000e+03 4.506839257704823853e-01 3.042026291785803957e-02
6.650000000000000000e+03 4.508157604027654974e-01 3.028996627576032927e-02
6.660000000000000000e+03 4.509251611217127698e-01 3.018210702121394695e-02
6.670000000000000000e+03 4.510088833174759615e-01 3.009993118824664735e-02
6.680000000000000000e+03 4.510688731710716382e-01 3.004149550563321724e-02
6.690000000000000000e+03 4.511114577128462200e-01 3.000047635063255932e-02
6.700000000000000000e+03 4.511442299972254211e-01 2.996928398797584284e-02
6.710000000000000000e+03 4.511723314429311182e-01 2.994277985101829673e-02
6.720000000000000000e+03 4.511961159007122357e-01 2.992061223810036155e-02
6.730000000000000000e+03 4.512112932099188733e-01 2.990707284443239189e-02
6.740000000000000000e+03 4.512112827500760481e-01 2.990874327275176020e-02
6.750000000000000000e+03 4.511904822859294506e-01 2.993122582609900745e-02
6.760000000000000000e+03 4.511468918692332908e-01 2.997651933832930909e-02
6.770000000000000000e+03 4.510830477604195754e-01 3.004208513050829824e-02
6.780000000000000000e+03 4.510051220757064772e-01 3.012174700276199976e-02
6.790000000000000000e+03 4.509207545283882013e-01 3.020785952362119511e-02
6.800000000000000000e+03 4.508365192895102957e-01 3.029384219468535255e-02
6.810000000000000000e+03 4.507559870234508215e-01 3.037611834413267778e-02
6.820000000000000000e+03 4.506790559599060386e-01 3.045478436270580500e-02
6.830000000000000000e+03 4.506025824678142611e-01 3.053297946454106016e-02
6.840000000000000000e+03 4.505217153543588093e-01 3.061555165233292505e-02
6.850000000000000000e+03 4.504312057821519000e-01 3.070774772334905131e-02
6.860000000000000000e+03 4.503263341666028374e-01 3.081428632807403992e-02
6.870000000000000000e+03 4.502035216370977588e-01 3.093874654756484724e-02
6.880000000000000000e+03 4.500608255052931939e-01 3.108307248344731322e-02
6.890000000000000000e+03 4.498983610349375772e-01 3.124715153923495956e-02
6.900000000000000000e+03 4.497184847228944404e-01 3.142863124077307363e-02
6.910000000000000000e+03 4.495255154816271137e-01 3.162319766363259205e-02
6.920000000000000000e+03 4.493248387341449157e-01 3.182547064434408657e-02
6.930000000000000000e+03 4.491214067779213392e-01 3.203050289793286931e-02
6.940000000000000000e+03 4.489180431533629778e-01 3.223547486075432900e-02
6.950000000000000000e+03 4.487144510363622607e-01 3.244068527896883103e-02
6.960000000000000000e+03 4.485078324916165760e-01 3.264893174089614214e-02
6.970000000000000000e+03 4.482951939315859557e-01 3.286320638775201697e-02
6.980000000000000000e+03 4.480762084758027619e-01 3.308383490706685859e-02
6.990000000000000000e+03 4.478548294009803143e-01 3.330686313511874164e-02
7.000000000000000000e+03 4.476382891293529398e-01 3.352505704546243637e-02
7.010000000000000000e+03 4.474335982415679203e-01 3.373140334708399357e-02
7.020000000000000000e+03 4.472433868835899440e-01 3.392326931776153132e-02
7.030000000000000000e+03 4.470636861502375603e-01 3.410462305397404803e-02
7.040000000000000000e+03 4.468852816615171419e-01 3.428468014369982081e-02
7.050000000000000000e+03 4.466981011411798042e-01 3.447351483273537742e-02
7.060000000000000000e+03 4.464961983999683470e-01 3.467707460783605450e-02
7.070000000000000000e+03 4.462805489650844559e-01 3.489438433915846571e-02
7.080000000000000000e+03 4.460582278381707844e-01 3.511836925987879554e-02
7.090000000000000000e+03 4.458386568598187716e-01 3.533960842988235346e-02
7.100000000000000000e+03 4.456291838151108520e-01 3.555075607256193149e-02
7.110000000000000000e+03 4.454323487035136697e-01 3.574927461784959543e-02
7.120000000000000000e+03 4.452458388797288502e-01 3.593747823687313409e-02
7.130000000000000000e+03 4.450644471161128157e-01 3.612057413713379295e-02
7.140000000000000000e+03 4.448825689278287365e-01 3.630416523932408768e-02
7.150000000000000000e+03 4.446961505872654152e-01 3.649230253194401391e-02
7.160000000000000000e+03 4.445038014693494799e-01 3.668637378831746815e-02
7.170000000000000000e+03 4.443072581617384387e-01 3.688464050099784369e-02
7.180000000000000000e+03 4.441113555341884567e-01 3.708226677984461511e-02
7.190000000000000000e+03 4.439233810428796501e-01 3.727196427884263419e-02
7.200000000000000000e+03 4.437515301673760071e-01 3.744553625500225691e-02
7.210000000000000000e+03 4.436024381567110209e-01 3.759634621590570575e-02
7.220000000000000000e+03 4.434783999476271110e-01 3.772209920566031022e-02
7.230000000000000000e+03 4.433754548371954263e-01 3.782675756000403872e-02
7.240000000000000000e+03 4.432835342606878393e-01 3.792039191151685973e-02
7.250000000000000000e+03 4.431891823378869000e-01 3.801645980286140480e-02
7.260000000000000000e+03 4.430801463460962708e-01 3.812721574096556570e-02
7.270000000000000000e+03 4.429500035263862490e-01 3.825908458164861692e-02
7.280000000000000000e+03 4.428007093681740614e-01 3.841011268215204638e-02
7.290000000000000000e+03 4.426418251076649768e-01 3.857074021582963808e-02
7.300000000000000000e+03 4.424867637245031293e-01 3.872755550152186255e-02
7.310000000000000000e+03 4.423478043093065359e-01 3.886828067534845582e-02
7.320000000000000000e+03 4.422320733840310325e-01 3.898579015665539632e-02
7.330000000000000000e+03 4.421399549495867998e-01 3.907970075146099259e-02
7.340000000000000000e+03 4.420660226215903932e-01 3.915543982123016742e-02
7.350000000000000000e+03 4.420015208211696689e-01 3.922176362638357672e-02
7.360000000000000000e+03 4.419372110777526896e-01 3.928791031249811994e-02
7.370000000000000000e+03 4.418658364297965435e-01 3.936113526997789269e-02
7.380000000000000000e+03 4.417838985648929184e-01 3.944493442702198815e-02
7.390000000000000000e+03 4.416924962382187125e-01 3.953820662250264600e-02
7.400000000000000000e+03 4.415968472067018924e-01 3.963573212429882808e-02
7.410000000000000000e+03 4.415042875086870877e-01 3.973017352577262740e-02
7.420000000000000000e+03 4.414212030446499901e-01 3.981514410195590575e-02
7.430000000000000000e+03 4.413501363610785599e-01 3.988810063372560250e-02
7.440000000000000000e+03 4.412885461488876837e-01 3.995158291092945624e-02
7.450000000000000000e+03 4.412299761773995077e-01 4.001204402842716001e-02
7.460000000000000000e+03 4.411670294579069784e-01 4.007687653044517129e-02
7.470000000000000000e+03 4.410944520919098388e-01 4.015132965428482026e-02
7.480000000000000000e+03 4.410106201158703332e-01 4.023702356089237098e-02
7.490000000000000000e+03 4.409168372386544354e-01 4.033265253092743752e-02
7.500000000000000000e+03 4.408152964155467868e-01 4.043602409153815302e-02
7.510000000000000000e+03 4.407072823062045952e-01 4.054585621152983349e-02
7.520000000000000000e+03 4.405927624922160168e-01 4.066218432840873476e-02
7.530000000000000000e+03 4.404714105670942126e-01 4.078533676413331754e-02
7.540000000000000000e+03 4.403441272093891468e-01 4.091441404397223175e-02
7.550000000000000000e+03 4.402138337875576846e-01 4.104649643307533430e-02
7.560000000000000000e+03 4.400848429903354564e-01 4.117727337133087612e-02
7.570000000000000000e+03 4.399610981502483642e-01 4.130280371335577627e-02
7.580000000000000000e+03 4.398443281284545869e-01 4.142136080668843562e-02
7.590000000000000000e+03 4.397331763967638474e-01 4.153430325168576409e-02
7.600000000000000000e+03 4.396237002878066180e-01 4.164557535864845533e-02
7.610000000000000000e+03 4.395108582108223638e-01 4.176021936933715928e-02
7.620000000000000000e+03 4.393902279016658197e-01 4.188265647423274757e-02
7.630000000000000000e+03 4.392592916857443464e-01 4.201540191164600951e-02
7.640000000000000000e+03 4.391179481306415888e-01 4.215855484371083123e-02
7.650000000000000000e+03 4.389682695207312579e-01 4.231004217745043539e-02
7.660000000000000000e+03 4.388138028053666928e-01 4.246631742183004654e-02
7.670000000000000000e+03 4.386587720313350203e-01 4.262315671452181903e-02
7.680000000000000000e+03 4.385073709141427689e-01 4.277636532423185339e-02
7.690000000000000000e+03 4.383630938764040974e-01 4.292244722381824418e-02
7.700000000000000000e+03 4.382279359719348233e-01 4.305940621961658332e-02
7.710000000000000000e+03 4.381014121127061456e-01 4.318772702032717958e-02
7.720000000000000000e+03 4.379796781416436802e-01 4.331125294469470588e-02
7.730000000000000000e+03 4.378553844274830631e-01 4.343733110292168770e-02
7.740000000000000000e+03 4.377188879058410698e-01 4.357560122054544849e-02
7.750000000000000000e+03 4.375609289280808500e-01 4.373532053617084497e-02
7.760000000000000000e+03 4.373760855332454733e-01 4.392190970024496821e-02
7.770000000000000000e+03 4.371656390285639238e-01 4.413408632774733220e-02
7.780000000000000000e+03 4.369383463977138948e-01 4.436309256311810750e-02
7.790000000000000000e+03 4.367083012454081592e-01 4.459483487339435670e-02
7.800000000000000000e+03 4.364903782457631443e-01 4.481443989397568967e-02
7.810000000000000000e+03 4.362949972176042857e-01 4.501148980202541311e-02
7.820000000000000000e+03 4.361243485935829001e-01 4.518379555504434958e-02
7.830000000000000000e+03 4.359715815536986949e-01 4.533820771074328904e-02
7.840000000000000000e+03 4.358232453969330122e-01 4.548817546310646859e-02
7.850000000000000000e+03 4.356641229117703129e-01 4.564891462824113844e-02
7.860000000000000000e+03 4.354828080526388367e-01 4.583183130514200537e-02
7.870000000000000000e+03 4.352760492408134785e-01 4.604017871564133196e-02
7.880000000000000000e+03 4.350501762078626822e-01 4.626762902178922776e-02
7.890000000000000000e+03 4.348189323403638951e-01 4.650043966432935300e-02
7.900000000000000000e+03 4.345984251103462426e-01 4.672250265973555694e-02
7.910000000000000000e+03 4.344010687844856999e-01 4.692140257196224240e-02
7.920000000000000000e+03 4.342308091810068160e-01 4.709319239154119430e-02
7.930000000000000000e+03 4.340814572786755865e-01 4.724405966228611975e-02
7.940000000000000000e+03 4.339388020514510225e-01 4.738821358297164166e-02
7.950000000000000000e+03 4.337857558030884797e-01 4.754274057894408018e-02
7.960000000000000000e+03 4.336086766612472498e-01 4.772128253737941556e-02
7.970000000000000000e+03 4.334026155987861229e-01 4.792879020318896455e-02
7.980000000000000000e+03 4.331736149190892338e-01 4.815922472134866877e-02
7.990000000000000000e+03 4.329371785971860009e-01 4.839708593226148270e-02
8.000000000000000000e+03 4.327133703601977466e-01 4.862231183236088994e-02
8.010000000000000000e+03 4.325202272122140590e-01 4.881686390504975243e-02
8.020000000000000000e+03 4.323678203103001327e-01 4.897066784563208069e-02
8.030000000000000000e+03 4.322550882392224847e-01 4.908478335986710822e-02
8.040000000000000000e+03 4.321705611055173257e-01 4.917068156289274711e-02
8.050000000000000000e+03 4.320966574963623352e-01 4.924594657708090961e-02
8.060000000000000000e+03 4.320159207605250296e-01 4.932803723026409071e-02
8.070000000000000000e+03 4.319168817486243039e-01 4.942842420303673878e-02
8.080000000000000000e+03 4.317974748435068899e-01 4.954917476013448452e-02
8.090000000000000000e+03 4.316649865625733495e-01 4.968300367566712283e-02
8.100000000000000000e+03 4.315328886332541747e-01 4.981643932164273036e-02
8.110000000000000000e+03 4.314159660841435651e-01 4.993469533444742925e-02
8.120000000000000000e+03 4.313255354125866137e-01 5.002645237049115068e-02
8.130000000000000000e+03 4.312663072328670189e-01 5.008699612300919479e-02
8.140000000000000000e+03 4.312357953149254519e-01 5.011881019427050221e-02
8.150000000000000000e+03 4.312263101438738588e-01 5.012958449334312117e-02
8.160000000000000000e+03 4.312287026194245310e-01 5.012847149710024375e-02
8.170000000000000000e+03 4.312364205677088891e-01 5.012202818250499625e-02
8.180000000000000000e+03 4.312483648042330087e-01 5.011135944045488899e-02
8.190000000000000000e+03 4.312695172630658380e-01 5.009149027337645582e-02
8.200000000000000000e+03 4.313091427047404669e-01 5.005316304464514643e-02
8.210000000000000000e+03 4.313772185517206204e-01 4.998640576002966879e-02
8.220000000000000000e+03 4.314803888898626205e-01 4.988457749314459400e-02
8.230000000000000000e+03 4.316189942800308099e-01 4.974733916654371785e-02
8.240000000000000000e+03 4.317864332539760319e-01 4.958129240677636856e-02
8.250000000000000000e+03 4.319712431177800127e-01 4.939789821580505697e-02
8.260000000000000000e+03 4.321611527294206834e-01 4.920942394941062864e-02
8.270000000000000000e+03 4.323475079149725064e-01 4.902451863231180318e-02
8.280000000000000000e+03 4.325283291969617694e-01 4.884515622651540434e-02
8.290000000000000000e+03 4.327088407098068079e-01 4.866610784432560260e-02
8.300000000000000000e+03 4.328993008795692377e-01 4.847711278997345746e-02
8.310000000000000000e+03 4.331110168823398832e-01 4.826686582037893053e-02
8.320000000000000000e+03 4.333521662942266262e-01 4.802719482643102999e-02
8.330000000000000000e+03 4.336251317726552701e-01 4.775572257272183568e-02
8.340000000000000000e+03 4.339263740744114251e-01 4.745599043641415132e-02
8.350000000000000000e+03 4.342487001083499276e-01 4.713518978835370965e-02
8.360000000000000000e+03 4.345847032973620960e-01 4.680072387206174467e-02
8.370000000000000000e+03 4.349297175706365870e-01 4.645725683951333618e-02
8.380000000000000000e+03 4.352830271091323588e-01 4.610550471282878066e-02
8.390000000000000000e+03 4.356470421444290642e-01 4.574305782566276402e-02
8.400000000000000000e+03 4.360251274246924047e-01 4.536655028450509858e-02
8.410000000000000000e+03 4.364192656113247692e-01 4.497399598426229245e-02
8.420000000000000000e+03 4.368285993056045813e-01 4.456624810450169477e-02
8.430000000000000000e+03 4.372493149837068382e-01 4.414711706974262101e-02
8.440000000000000000e+03 4.376756965268069344e-01 4.372231744984280549e-02
8.450000000000000000e+03 4.381018344665308928e-01 4.329775799208478160e-02
8.460000000000000000e+03 4.385234742752334158e-01 4.287769246655275673e-02
8.470000000000000000e+03 4.389395743194209332e-01 4.246316114981511097e-02
8.480000000000000000e+03 4.393531618398817673e-01 4.205113527798949591e-02
8.490000000000000000e+03 4.397711137875747189e-01 4.163473756904336603e-02
8.500000000000000000e+03 4.402026521030683037e-01 4.120474783851332812e-02
8.510000000000000000e+03 4.406566425091656414e-01 4.075230412035870525e-02
8.520000000000000000e+03 4.411382447356967940e-01 4.027225127478240019e-02
8.530000000000000000e+03 4.416460228835589752e-01 3.976602837718103828e-02
8.540000000000000000e+03 4.421709414084195600e-01 3.924267040695342962e-02
8.550000000000000000e+03 4.426982470468232567e-01 3.871692645381509534e-02
8.560000000000000000e+03 4.432119904311886960e-01 3.820474092074119254e-02
8.570000000000000000e+03 4.437005482285271696e-01 3.771773463991007908e-02
8.580000000000000000e+03 4.441608448613117432e-01 3.725898419050250460e-02
8.590000000000000000e+03 4.445993618248335610e-01 3.682201067169917769e-02
8.600000000000000000e+03 4.450292702643026677e-01 3.639364465664363807e-02
8.610000000000000000e+03 4.454647236531546484e-01 3.595973186217166911e-02
8.620000000000000000e+03 4.459147770299133895e-01 3.551121375922752788e-02
8.630000000000000000e+03 4.463796751618843150e-01 3.504784077598380870e-02
8.640000000000000000e+03 4.468510997270268015e-01 3.457792752782478524e-02
8.650000000000000000e+03 4.473160761479089698e-01 3.411444832058891513e-02
8.660000000000000000e+03 4.477626743571553880e-01 3.366933686349322941e-02
8.670000000000000000e+03 4.481850129559756812e-01 3.324847954331798527e-02
8.680000000000000000e+03 4.485854761118654443e-01 3.284949487171886368e-02
8.690000000000000000e+03 4.489732901911066554e-01 3.246315558604764145e-02
8.700000000000000000e+03 4.493601949518112870e-01 3.207771870758043681e-02
8.710000000000000000e+03 4.497551652746613060e-01 3.168420601905792833e-02
8.720000000000000000e+03 4.501604284724941007e-01 3.128038856182056848e-02
8.730000000000000000e+03 4.505703188592738995e-01 3.087193235546134215e-02
8.740000000000000000e+03 4.509732649759643497e-01 3.047041016490112733e-02
8.750000000000000000e+03 4.513560530327074272e-01 3.008903792038415681e-02
8.760000000000000000e+03 4.517088230086008238e-01 2.973767851709240365e-02
8.770000000000000000e+03 4.520289836398100336e-01 2.941892590268425575e-02
8.780000000000000000e+03 4.523223824076405553e-01 2.912693452384133505e-02
8.790000000000000000e+03 4.526010056437109186e-01 2.884971904172679152e-02
8.800000000000000000e+03 4.528781682624952731e-01 2.857396457624430258e-02
8.810000000000000000e+03 4.531634977646187834e-01 2.829004344891918737e-02
8.820000000000000000e+03 4.534598963866143806e-01 2.799505363998282606e-02
8.830000000000000000e+03 4.537632886385905007e-01 2.769307007844069510e-02
8.840000000000000000e+03 4.540645663145138067e-01 2.739319839064214418e-02
8.850000000000000000e+03 4.543526132712401577e-01 2.710655102470785338e-02
8.860000000000000000e+03 4.546175315751926904e-01 2.684302290989365111e-02
8.870000000000000000e+03 4.548535370449112714e-01 2.660839660961606540e-02
8.880000000000000000e+03 4.550610154445345334e-01 2.640228618915825207e-02
8.890000000000000000e+03 4.552470371824750006e-01 2.621762248396631786e-02
8.900000000000000000e+03 4.554236720275989803e-01 2.604233705808344998e-02
8.910000000000000000e+03 4.556041428303198026e-01 2.586320547821729932e-02
8.920000000000000000e+03 4.557979745196173993e-01 2.567069713928504110e-02
8.930000000000000000e+03 4.560070777271232889e-01 2.546289476489960180e-02
8.940000000000000000e+03 4.562245939836054864e-01 2.524665421394700279e-02
8.950000000000000000e+03 4.564372178221747234e-01 2.503528511022285255e-02
8.960000000000000000e+03 4.566300339599466684e-01 2.484371151863262392e-02
8.970000000000000000e+03 4.567916568790769682e-01 2.468332730159948293e-02
8.980000000000000000e+03 4.569174415192981398e-01 2.455878217581409020e-02
8.990000000000000000e+03 4.570097174294801001e-01 2.446774689079457207e-02
9.000000000000000000e+03 4.570756847269108469e-01 2.440301844547900292e-02
9.010000000000000000e+03 4.571247145957686997e-01 2.435522217752978530e-02
9.020000000000000000e+03 4.571665387595121310e-01 2.431462369784185423e-02
9.030000000000000000e+03 4.572105226405402401e-01 2.427185613675087936e-02
9.040000000000000000e+03 4.572650774256317718e-01 2.421850886723295182e-02
9.050000000000000000e+03 4.573361643564705648e-01 2.414862164804807212e-02
9.060000000000000000e+03 4.574248338835782413e-01 2.406114237574287495e-02
9.070000000000000000e+03 4.575251601607570606e-01 2.396199330766005109e-02
9.080000000000000000e+03 4.576245893228846895e-01 2.386372653895547924e-02
9.090000000000000000e+03 4.577077312451827140e-01 2.378173393223602730e-02
9.100000000000000000e+03 4.577624505242647301e-01 2.372815396807792521e-02
9.110000000000000000e+03 4.577853157171463128e-01 2.370641953121343376e-02
9.120000000000000000e+03 4.577833662585911179e-01 2.370949015567330384e-02
9.130000000000000000e+03 4.577709112249441770e-01 2.372305357976457751e-02
9.140000000000000000e+03 4.577627116127564455e-01 2.373234443823866655e-02
9.150000000000000000e+03 4.577669530639290607e-01 2.372917344230257228e-02
9.160000000000000000e+03 4.577816962726376504e-01 2.371547959552271212e-02
9.170000000000000000e+03 4.577966814176674948e-01 2.370152753671584192e-02
9.180000000000000000e+03 4.577993575938645310e-01 2.369987587310885130e-02
9.190000000000000000e+03 4.577815897153295066e-01 2.371866545475154880e-02
9.200000000000000000e+03 4.577432242924973083e-01 2.375805168955591462e-02
9.210000000000000000e+03 4.576907617054712940e-01 2.381153291397241842e-02
9.220000000000000000e+03 4.576324349540646375e-01 2.387087199216453987e-02
9.230000000000000000e+03 4.575731209397017052e-01 2.393118653815439270e-02
9.240000000000000000e+03 4.575124007133170023e-01 2.399289177425884337e-02
9.250000000000000000e+03 4.574467770274055489e-01 2.405948471951803100e-02
9.260000000000000000e+03 4.573740675924268806e-01 2.413315054672824159e-02
9.270000000000000000e+03 4.572964478729418247e-01 2.421171776657165056e-02
9.280000000000000000e+03 4.572197035925746333e-01 2.428940318292009334e-02
9.290000000000000000e+03 4.571491421880937711e-01 2.436090006809975630e-02
9.300000000000000000e+03 4.570851050607244170e-01 2.442586751530170103e-02
9.310000000000000000e+03 4.570213533728814670e-01 2.449054520379649255e-02
9.320000000000000000e+03 4.569476550240456625e-01 2.456516745344027725e-02
9.330000000000000000e+03 4.568551355837009997e-01 2.465861250688118622e-02
9.340000000000000000e+03 4.567412771097011381e-01 2.477340021639652320e-02
9.350000000000000000e+03 4.566117753995954653e-01 2.490383272685594424e-02
9.360000000000000000e+03 4.564782363549582667e-01 2.503829965490931772e-02
9.370000000000000000e+03 4.563527736271318913e-01 2.516468285183560971e-02
9.380000000000000000e+03 4.562420976427918884e-01 2.527627001163759712e-02
9.390000000000000000e+03 4.561440662716390038e-01 2.537520563046861619e-02
9.400000000000000000e+03 4.560485674302486858e-01 2.547160731216756291e-02
9.410000000000000000e+03 4.559423694934058302e-01 2.557871278963151640e-02
9.420000000000000000e+03 4.558153729625771255e-01 2.570662637021823432e-02
9.430000000000000000e+03 4.556649133919211669e-01 2.585801550067247725e-02
9.440000000000000000e+03 4.554959877255775336e-01 2.602788398128483630e-02
9.450000000000000000e+03 4.553177131518762466e-01 2.620711312882925345e-02
9.460000000000000000e+03 4.551383675830434905e-01 2.638742263922368159e-02
9.470000000000000000e+03 4.549618161292851015e-01 2.656494514832552153e-02
9.480000000000000000e+03 4.547869219631262006e-01 2.674081532732448807e-02
9.490000000000000000e+03 4.546096215683942954e-01 2.691909419100191672e-02
9.500000000000000000e+03 4.544260018757366737e-01 2.710369086711653108e-02
9.510000000000000000e+03 4.542346082005666585e-01 2.729605406416905564e-02
9.520000000000000000e+03 4.540370156947584057e-01 2.749460310749364186e-02
9.530000000000000000e+03 4.538366417396365038e-01 2.769591861214050488e-02
9.540000000000000000e+03 4.536364365865788728e-01 2.789705257118481330e-02
9.550000000000000000e+03 4.534365024086683404e-01 2.809790700462331051e-02
9.560000000000000000e+03 4.532328646006487105e-01 2.830245961834947088e-02
9.570000000000000000e+03 4.530182822322761371e-01 2.851795343580735068e-02
9.580000000000000000e+03 4.527850253308994821e-01 2.875212196426358766e-02
9.590000000000000000e+03 4.525284151931257548e-01 2.900965060731140396e-02
9.600000000000000000e+03 4.522493452554209314e-01 2.928965568214911275e-02
9.610000000000000000e+03 4.519544413801812044e-01 2.958552266879577175e-02
9.620000000000000000e+03 4.516537475001417556e-01 2.988721710289916900e-02
9.630000000000000000e+03 4.513570453297576779e-01 3.018496069515986396e-02
9.640000000000000000e+03 4.510705039012845585e-01 3.047258049341287911e-02
9.650000000000000000e+03 4.507951114716011731e-01 3.074908087111990346e-02
9.660000000000000000e+03 4.505273676799457228e-01 3.101795633762904902e-02
9.670000000000000000e+03 4.502614793619455491e-01 3.128499682137496352e-02
9.680000000000000000e+03 4.499916074213237138e-01 3.155603917727751312e-02
9.690000000000000000e+03 4.497130624394691245e-01 3.183576930808119931e-02
9.700000000000000000e+03 4.494223234109677723e-01 3.212770210743826765e-02
9.710000000000000000e+03 4.491164770128909245e-01 3.243474380584136785e-02
9.720000000000000000e+03 4.487927948921077714e-01 3.275961788579419970e-02
9.730000000000000000e+03 4.484489434438954092e-01 3.310465738765736021e-02
9.740000000000000000e+03 4.480839857828425865e-01 3.347080308699380835e-02
9.750000000000000000e+03 4.476998607202868907e-01 3.385612092949945306e-02
9.760000000000000000e+03 4.473024947596828671e-01 3.425468661927473513e-02
9.770000000000000000e+03 4.469015238888522923e-01 3.465686420278259183e-02
9.780000000000000000e+03 4.465081488905761065e-01 3.505145221741744199e-02
9.790000000000000000e+03 4.461317275489116718e-01 3.542909187018904865e-02
9.800000000000000000e+03 4.457766181700957842e-01 3.578542313977576411e-02
9.810000000000000000e+03 4.454408482290172500e-01 3.612241681472912885e-02
9.820000000000000000e+03 4.451172796806703302e-01 3.644721020168690401e-02
9.830000000000000000e+03 4.447966826523278572e-01 3.676903359023134255e-02
9.840000000000000000e+03 4.444712643226989002e-01 3.709568110659954704e-02
9.850000000000000000e+03 4.441371601572839944e-01 3.743101882108806205e-02
9.860000000000000000e+03 4.437950991627879760e-01 3.777431799275007135e-02
9.870000000000000000e+03 4.434493782278174923e-01 3.812127929735818765e-02
9.880000000000000000e+03 4.431058815952677032e-01 3.846601387237996716e-02
9.890000000000000000e+03 4.427699716458255441e-01 3.880315555537836025e-02
9.900000000000000000e+03 4.424448371227812649e-01 3.912951533601991688e-02
9.910000000000000000e+03 4.421306013811375779e-01 3.944497212960918625e-02
9.920000000000000000e+03 4.418243292076327600e-01 3.975246388164900557e-02
9.930000000000000000e+03 4.415209821494227027e-01 4.005703277979527632e-02
9.940000000000000000e+03 4.412151910855231507e-01 4.036405393915101780e-02
9.950000000000000000e+03 4.409034058563549019e-01 4.067708373779618802e-02
9.960000000000000000e+03 4.405857234481396212e-01 4.099602779023341081e-02
9.970000000000000000e+03 4.402666942643174153e-01 4.131633314588547407e-02
9.980000000000000000e+03 4.399547219894849315e-01 4.162958914158976231e-02
9.990000000000000000e+03 4.396601972190704588e-01 4.192539580512308350e-02
1.000000000000000000e+04 4.393929933703346058e-01 4.219387264123640457e-02
